78
16913
23647
685
14765
23442
32047
21338
11525
15227
3619
28159
26586
20916
6131
27848
14380
22016
12920
24179
3111
12870
14994
20989
20288
11244
20229
8303
406
20715
2521
30122
5426
7817
31082
7068
1262
28001
23548
729
12130
6723
6460
3902
29487
28670
31177
7725
1098
21176
9763
21443
2631
10497
23280
9137
31147
1564
26822
7080
10993
4904
26991
27353
14274
14996
15441
12398
5213
4308
16338
559
26524
32714
19189
14193
10193
11826
26899
78
1 53
19 32
57 51
37 67
19 56
37 69
66 74
56 44
15 30
3 2
60 35
16 16
61 27
23 51
68 68
68 67
77 66
40 55
3 27
47 57
30 24
22 23
59 12
11 10
3 13
41 22
23 70
34 6
72 3
12 75
51 25
57 46
8 2
70 66
13 43
11 58
44 43
25 26
6 73
48 52
54 7
25 51
50 77
27 52
25 31
28 16
53 52
17 74
65 31
71 74
50 60
42 73
74 41
77 12
28 59
50 19
52 25
72 70
13 53
48 43
63 68
36 21
61 61
67 6
61 9
39 51
13 4
71 27
68 50
4 69
69 13
37 13
13 68
46 20
60 14
16 48
22 44
1 59
591
8474
21474
9415
13175
8182
31431
9787
8825
20634
2761
16034
26482
24879
1003
28408
12816
16588
13087
30515
25886
10833
3828
32655
4314
28077
20378
847
10844
31671
18341
31126
2686
11674
678
16555
9218
20552
6488
18421
32366
28339
20665
30504
28821
23300
28970
23822
6888
31022
24623
5543
8125
18497
31888
30273
8211
11544
13861
30197
29216
32009
27151
22692
7890
17650
31420
6463
6495
22326
10827
4847
14888
4844
13826
27437
30738
28240
11727
15412
25664
17011
4395
32518
24958
21228
9770
13663
8542
6390
5649
21086
23270
19963
17974
26473
18095
13224
28964
2721
22852
8559
596
1216
14955
18935
11773
14182
804
18551
20116
18785
13202
27208
31329
4176
28689
14174
24881
14728
31258
15995
25598
13818
26908
7176
28910
25170
10049
18342
6920
29331
10187
7195
30121
6825
25780
8386
12048
31033
5651
5706
26663
16869
11740
15712
20928
9614
4172
25504
705
32723
3795
10856
5408
15749
8948
5209
32612
1734
25788
19796
11526
11640
19179
13254
23248
20852
7654
9484
11681
19768
14119
1188
4275
25040
30808
2307
19385
7471
1949
17197
24551
1523
17777
27220
7832
1380
3025
25608
1675
4569
9525
4592
23661
6249
1761
22212
1240
9563
19093
25370
7848
20619
27169
16601
23613
26359
14342
6629
7670
21271
6639
17385
19837
18417
437
2678
29873
11201
10723
14399
6987
16559
3395
25060
24221
4208
8511
28826
19114
5173
20589
26726
30575
8428
13508
30666
24484
3669
4500
15594
32009
9322
3382
21084
8301
17243
10630
6085
3347
19514
611
15693
21248
20404
16778
2839
26522
29383
24195
28435
124
6946
4955
16862
11540
23093
7164
22082
12479
5230
10824
16203
7573
28316
9667
23459
11698
29892
8692
8298
23694
1275
6440
8287
17038
31825
26543
23057
11597
7089
1057
16063
31492
14063
31185
31833
13238
6557
9214
2437
25609
14018
9973
28207
13686
3594
10633
19824
19133
22800
20411
12267
22563
29418
29810
3855
32462
889
9368
7187
25693
26963
22131
19751
4041
25555
26626
9440
345
31952
21216
16035
3595
12862
11452
5638
30889
24715
23700
5082
19493
28227
5988
21587
30025
12933
6237
13695
7231
8648
7255
7592
16774
14283
7127
1721
4919
8134
17003
18541
2590
8186
11548
8660
17583
17204
24619
1116
7469
17119
1108
7210
1814
12442
24146
6770
10196
24855
2494
16750
12585
5471
29956
11244
31256
25819
6011
22783
23191
26600
28365
29742
17415
8360
14334
24917
7264
10171
26416
1574
22402
4431
26081
21309
20520
7436
2417
3849
26048
6973
20164
24481
20837
6608
21329
5171
17236
19586
3998
12424
15032
14433
21137
13426
9014
7281
30652
10557
10778
7172
26098
26631
23676
10694
17888
9828
32047
12549
32294
16102
9098
32389
27479
15498
4654
27897
23564
9114
20797
19617
18749
31321
2374
3730
20898
5969
7467
11981
29228
9984
885
23868
542
30651
24832
26864
27020
630
25216
26937
8407
14259
22217
10125
25891
1563
2320
19354
13356
9699
23035
16826
2178
9193
6829
26542
20812
10560
9964
30105
11269
1883
15562
10336
24470
186
6856
11081
5713
21636
21898
16937
22314
1500
29689
13284
16437
26823
19103
29349
289
27104
4567
2283
4983
6684
17394
16529
14088
30502
13619
3579
10871
30593
27664
15003
9324
20973
15894
20073
4192
2436
10881
14740
1482
14055
28682
16254
663
4535
27552
8032
26495
15185
11823
32539
11779
18718
23248
5640
26489
3547
15591
5253
29110
9262
9367
20746
30095
14159
198
12081
7528
3752
14138
19618
4468
22370
16517
26672
12511
11714
365
3738
3023
26584
25553
487
7695
7931
13119
25942
18359
31539
13056
9886
2011
15030
31931
10255
168
541 204
184 509
481 358
210 427
42 55
394 230
63 533
527 260
545 314
437 574
129 477
130 503
309 88
64 528
409 398
313 349
283 16
385 562
262 440
474 319
224 278
242 531
310 35
425 168
184 163
135 462
79 545
412 543
132 363
299 452
525 292
109 506
469 129
226 419
127 159
256 183
335 175
394 439
364 80
156 505
246 263
336 512
317 27
117 22
213 355
316 534
450 504
361 354
578 133
433 452
170 173
104 181
458 35
177 444
13 565
257 206
111 77
156 342
51 117
225 253
213 416
126 75
162 435
255 437
357 404
86 247
488 132
474 156
255 519
431 408
187 227
143 569
310 71
152 257
228 129
102 59
510 189
145 384
5 76
63 85
2 430
138 9
286 536
79 205
536 47
383 159
209 310
120 335
124 529
524 75
321 4
495 560
112 589
389 46
516 302
484 72
77 393
229 571
419 141
221 71
400 325
118 23
96 341
362 241
315 149
513 525
162 375
481 47
157 72
482 102
392 186
439 89
129 569
129 338
223 237
402 348
430 269
15 157
20 280
153 315
328 163
189 506
243 363
347 5
70 49
145 486
471 243
437 154
460 90
397 401
355 501
352 546
316 306
185 130
390 52
161 470
433 290
408 482
228 333
543 436
436 486
214 531
274 203
222 320
414 576
475 282
414 351
260 272
476 463
126 68
4 202
393 302
139 21
151 408
443 160
110 192
418 34
248 235
274 510
62 214
523 270
331 447
564 284
446 255
305 380
507 293
421 265
469 484

