50 20 200
12
1 3
1 16
3 17
2 16
4 16
5 5
4 19
5 7
7 13
9 7
9 14
8 16
6 4
7 6
14 3
15 19
13 12
12 6
10 7
19 3
16 19
18 1
20 19
17 17
25 8
23 5
22 5
21 9
28 14
26 20
29 18
30 13
31 18
33 8
34 16
34 15
35 2
37 10
36 13
40 17
39 7
38 1
38 15
43 14
44 12
45 20
47 17
48 6
49 6
7 20
9 6
13 14
14 1
2 1
15 10
5 20
10 14
14 16
18 13
20 7
3 4
16 6
8 15
19 2
5 18
14 11
17 16
11 13
10 9
3 9
2 8
9 18
17 2
2 9
6 3
3 2
10 9
11 9
6 9
16 1
6 8
3 10
13 14
11 3
11 9
11 8
8 18
3 17
20 6
8 15
5 2
19 14
17 12
20 16
19 6
12 3
20 8
17 13
10 16
8 11
19 8
4 1
6 19
14 2
3 11
4 11
11 15
2 7
2 3
18 13
20 16
10 9
16 3
2 10
1 5
20 2
4 17
18 3
13 19
5 3
16 13
3 17
14 20
14 4
3 17
10 14
13 11
4 9
4 14
4 6
3 12
8 2
3 6
15 9
15 5
3 8
9 13
6 16
8 4
6 14
18 6
15 5
1 8
9 11
16 20
11 5
4 17
8 17
9 5
16 5
18 2
3 5
5 11
11 12
14 10
10 18
20 6
3 15
16 10
18 15
7 8
12 17
19 7
3 20
5 10
5 10
13 15
16 2
4 17
6 5
17 10
5 13
3 2
15 17
10 5
15 11
5 3
4 17
17 6
6 1
4 20
12 17
9 18
1 8
12 19
3 13
17 7
16 11
4 2
3 2
3 9
11 20
1 15
2 8
16 11
17 15
8 3
15 20
12 3
5 1
5 8
11 3
10 19
5 18
8 10
19 20
11 15
1 10
4 15
10 17
12 11
15 11
1 4
17 4
2 19
8 7
2 1
12 18
17 2
1 5
1 16
7 2
13 17
10 1
17 6
8 9
15 1
9 3
9 14
19 15
14 8
1 17
19 13
15 9
6 1
17 20
19 11
20 5
9 10
12 4
1 20
15 18
4 3
15 7
16 11
14 16
5 20
9 10
18 10
