5000
997
1015
1022
1026
1027
1033
1048
1051
1059
1061
1072
1090
1106
1111
1118
1122
1125
1126
1128
1133
1135
1148
1160
1161
1164
1172
1203
1204
1215
1217
1229
1258
1266
1274
1275
1298
1303
1306
1307
1315
1330
1351
1366
1386
1392
1394
1409
1419
1426
1429
1447
1457
1461
1464
1468
1469
1471
1482
1484
1492
1507
1513
1527
1535
1541
1547
1574
1617
1650
1654
1660
1669
1693
1725
1736
1753
1756
1759
1763
1765
1771
1790
1793
1796
1801
1820
1829
1834
1837
1839
1843
1846
1850
1856
1858
1881
1884
1885
1887
1889
1896
1900
1904
1917
1919
1923
1936
1940
1942
1958
2003
2005
2008
2013
2014
2020
2045
2053
2056
2061
2065
2079
2082
2084
2088
2089
2117
2133
2145
2147
2152
2159
2170
2171
2187
2204
2209
2210
2217
2225
2229
2230
2233
2249
2279
2281
2295
2296
2314
2322
2325
2326
2327
2339
2355
2375
2419
2443
2450
2458
2460
2469
2480
2494
2495
2511
2534
2539
2540
2558
2572
2603
2605
2607
2621
2625
2629
2633
2640
2654
2672
2677
2678
2683
2707
2720
2721
2722
2726
2767
2769
2779
2804
2809
2817
2818
2826
2829
2838
2852
2864
2873
2881
2885
2886
2888
2891
2895
2901
2909
2917
2934
2937
2943
2959
2960
2969
2972
2998
2999
3020
3022
3031
3060
3095
3099
3109
3116
3117
3123
3137
3138
3143
3156
3161
3165
3167
3169
3193
3209
3211
3214
3224
3243
3245
3252
3258
3276
3277
3300
3308
3312
3320
3323
3342
3353
3366
3387
3397
3411
3421
3427
3428
3441
3444
3450
3455
3462
3481
3486
3489
3493
3510
3517
3525
3538
3543
3544
3564
3566
3575
3599
3601
3615
3616
3622
3626
3633
3639
3647
3662
3686
3701
3709
3711
3750
3763
3770
3781
3788
3801
3830
3834
3864
3873
3880
3891
3897
3907
3911
3920
3929
3931
3941
3944
3976
3979
3984
3997
4004
4015
4020
4031
4041
4066
4072
4073
4079
4099
4109
4114
4115
4126
4128
4157
4160
4166
4173
4185
4201
4213
4223
4262
4272
4274
4279
4303
4310
4328
4333
4335
4339
4347
4350
4352
4378
4389
4391
4399
4413
4421
4422
4427
4434
4443
4444
4446
4451
4461
4462
4470
4472
4484
4489
4490
4491
4492
4496
4507
4513
4524
4533
4536
4539
4550
4589
4590
4612
4615
4617
4630
4634
4638
4640
4649
4669
4670
4674
4686
4688
4692
4705
4706
4707
4715
4717
4720
4750
4754
4763
4765
4770
4788
4820
4825
4826
4836
4852
4898
4906
4950
4954
4959
4964
4978
4985
5002
5005
5008
5014
5028
5044
5064
5069
5087
5088
5089
5096
5104
5107
5119
5122
5144
5146
5155
5156
5163
5167
5169
5170
5194
5196
5197
5210
5212
5231
5237
5242
5244
5256
5261
5267
5271
5279
5282
5313
5314
5318
5324
5333
5355
5357
5361
5366
5382
5383
5403
5424
5425
5431
5432
5435
5455
5456
5480
5485
5490
5502
5508
5509
5538
5547
5555
5558
5564
5571
5576
5592
5593
5597
5621
5622
5625
5626
5632
5639
5651
5652
5658
5703
5714
5752
5755
5759
5773
5782
5786
5791
5794
5801
5804
5809
5821
5843
5855
5858
5860
5862
5871
5872
5876
5879
5884
5930
5933
5942
5943
5948
5949
5956
5957
5964
5973
5991
6002
6014
6031
6035
6043
6055
6061
6073
6112
6116
6117
6127
6136
6137
6141
6153
6160
6170
6196
6198
6201
6209
6230
6231
6235
6264
6270
6277
6304
6313
6315
6320
6322
6326
6348
6353
6355
6356
6359
6368
6375
6384
6387
6388
6397
6402
6416
6417
6419
6420
6429
6433
6435
6443
6454
6481
6489
6532
6540
6559
6561
6565
6573
6575
6598
6608
6615
6622
6626
6636
6637
6648
6651
6659
6669
6671
6672
6675
6691
6692
6696
6700
6706
6707
6716
6723
6724
6747
6750
6752
6758
6760
6775
6779
6783
6798
6803
6805
6809
6815
6818
6819
6823
6826
6839
6842
6851
6858
6861
6865
6867
6870
6915
6934
6959
6973
6977
6978
6992
6994
6998
7004
7005
7016
7017
7023
7028
7042
7047
7048
7067
7069
7079
7086
7092
7103
7104
7118
7124
7132
7143
7144
7145
7155
7166
7181
7182
7199
7220
7222
7248
7277
7297
7318
7336
7348
7350
7364
7368
7419
7421
7432
7435
7438
7453
7456
7463
7473
7488
7511
7533
7535
7538
7542
7561
7569
7584
7593
7597
7645
7665
7668
7674
7684
7689
7695
7712
7713
7721
7726
7730
7741
7749
7754
7755
7759
7767
7789
7796
7802
7809
7816
7838
7857
7860
7877
7878
7887
7916
7917
7951
7961
7980
7983
8015
8046
8061
8062
8063
8065
8068
8077
8083
8089
8104
8105
8121
8128
8143
8148
8164
8166
8169
8173
8174
8186
8197
8208
8212
8221
8225
8232
8250
8257
8270
8272
8304
8308
8310
8313
8317
8320
8352
8359
8360
8363
8365
8374
8377
8378
8379
8388
8389
8390
8402
8404
8405
8408
8422
8429
8431
8432
8443
8456
8457
8495
8503
8505
8506
8512
8515
8519
8526
8535
8537
8553
8565
8579
8582
8586
8617
8625
8640
8643
8660
8668
8671
8689
8701
8707
8712
8722
8732
8733
8755
8784
8791
8800
8806
8814
8817
8836
8842
8858
8890
8891
8896
8897
8920
8948
8953
8955
8958
8980
9005
9014
9021
9037
9049
9061
9073
9086
9088
9100
9108
9114
9124
9126
9140
9148
9158
9160
9174
9199
9207
9222
9233
9245
9257
9290
9312
9319
9333
9341
9351
9353
9382
9386
9396
9418
9430
9431
9455
9461
9465
9475
9478
9480
9506
9515
9521
9536
9550
9551
9552
9569
9577
9596
9599
9621
9624
9634
9651
9652
9666
9671
9673
9686
9688
9702
9710
9718
9722
9724
9734
9753
9754
9755
9764
9770
9777
9793
9799
9801
9803
9832
9843
9848
9854
9862
9868
9871
9881
9885
9891
9905
9921
9930
9940
9941
9945
9951
9955
9956
9962
9976
10000
10001
10009
10011
10014
10021
10035
10036
10064
10066
10069
10085
10100
10111
10119
10142
10156
10168
10172
10173
10174
10179
10194
10211
10228
10231
10245
10267
10269
10273
10286
10303
10332
10335
10348
10361
10375
10376
10381
10389
10398
10406
10418
10422
10424
10435
10456
10463
10473
10474
10487
10497
10514
10529
10538
10579
10581
10583
10607
10630
10632
10644
10651
10653
10677
10685
10694
10708
10714
10717
10724
10726
10727
10743
10745
10749
10763
10782
10794
10799
10837
10841
10845
10849
10853
10854
10859
10860
10866
10881
10884
10945
10959
10967
11006
11011
11012
11024
11033
11039
11047
11068
11082
11083
11088
11096
11097
11116
11118
11134
11169
11196
11202
11212
11237
11277
11278
11281
11287
11294
11301
11304
11305
11314
11322
11338
11343
11349
11350
11362
11363
11367
11371
11383
11399
11406
11410
11413
11415
11438
11442
11444
11445
11472
11480
11493
11504
11536
11538
11543
11560
11566
11567
11587
11616
11625
11636
11640
11642
11651
11654
11655
11671
11673
11677
11689
11704
11722
11727
11744
11745
11751
11759
11763
11766
11767
11773
11794
11806
11811
11839
11850
11895
11898
11909
11911
11916
11928
11929
11948
11954
11970
11984
11992
12001
12009
12011
12019
12022
12035
12076
12092
12098
12101
12106
12123
12126
12129
12136
12144
12148
12149
12150
12161
12195
12201
12210
12215
12222
12232
12236
12243
12244
12259
12261
12264
12282
12290
12293
12302
12311
12318
12336
12337
12341
12349
12350
12357
12369
12375
12382
12389
12402
12403
12415
12426
12427
12443
12456
12459
12464
12486
12489
12490
12492
12541
12542
12554
12557
12565
12572
12573
12574
12586
12613
12614
12630
12631
12639
12646
12659
12662
12668
12685
12687
12726
12729
12730
12747
12776
12785
12791
12794
12801
12813
12875
12876
12892
12895
12898
12900
12932
12933
12950
12958
12983
12994
12996
13014
13017
13023
13024
13026
13030
13031
13032
13046
13049
13054
13064
13077
13079
13080
13081
13090
13091
13099
13105
13113
13117
13118
13120
13126
13130
13131
13136
13141
13144
13171
13176
13180
13187
13191
13197
13213
13214
13225
13259
13281
13283
13286
13290
13296
13301
13310
13322
13333
13334
13336
13357
13378
13386
13393
13421
13438
13454
13469
13471
13485
13515
13518
13527
13530
13532
13538
13539
13541
13549
13554
13582
13612
13625
13636
13637
13638
13647
13649
13659
13666
13668
13676
13678
13684
13705
13706
13712
13714
13729
13731
13747
13762
13772
13776
13787
13790
13795
13799
13808
13814
13824
13827
13839
13841
13842
13847
13853
13860
13862
13873
13875
13880
13888
13890
13892
13911
13926
13931
13932
13940
13952
13968
13995
13999
14012
14033
14079
14100
14111
14114
14115
14117
14118
14123
14131
14142
14151
14154
14160
14162
14165
14197
14212
14218
14222
14274
14283
14284
14285
14287
14305
14317
14328
14329
14331
14339
14343
14349
14350
14356
14376
14382
14394
14395
14399
14406
14419
14429
14435
14444
14447
14448
14454
14469
14474
14476
14499
14507
14509
14525
14527
14537
14556
14559
14563
14570
14573
14590
14598
14615
14618
14623
14628
14633
14646
14648
14662
14667
14694
14705
14706
14712
14734
14736
14737
14739
14745
14749
14769
14779
14783
14784
14818
14819
14837
14855
14856
14864
14867
14872
14873
14887
14898
14908
14915
14935
14947
14954
14957
14973
14978
14982
14994
15004
15014
15031
15036
15037
15058
15060
15064
15067
15090
15095
15097
15132
15140
15145
15162
15163
15180
15183
15184
15200
15205
15208
15212
15244
15260
15282
15297
15302
15340
15371
15375
15390
15397
15429
15437
15450
15476
15481
15484
15492
15519
15527
15537
15540
15568
15575
15582
15618
15623
15661
15674
15692
15701
15708
15714
15739
15744
15747
15771
15772
15783
15785
15799
15810
15816
15817
15826
15827
15830
15838
15882
15897
15901
15920
15921
15923
15930
15936
15943
15952
15968
15983
16000
16006
16009
16011
16022
16024
16030
16033
16038
16057
16060
16069
16085
16089
16114
16115
16150
16154
16163
16165
16170
16173
16183
16206
16209
16232
16245
16251
16269
16278
16284
16285
16293
16297
16302
16303
16310
16356
16362
16368
16370
16371
16390
16394
16427
16432
16434
16438
16441
16443
16444
16458
16464
16470
16471
16473
16498
16523
16529
16534
16536
16540
16560
16572
16573
16598
16619
16623
16635
16653
16656
16662
16666
16670
16683
16685
16688
16689
16703
16731
16735
16747
16749
16769
16772
16773
16792
16814
16823
16825
16829
16843
16844
16859
16860
16865
16884
16903
16920
16929
16951
16955
16963
16967
16972
16980
16986
16997
17014
17026
17027
17030
17046
17084
17086
17091
17110
17116
17122
17132
17134
17154
17161
17166
17170
17188
17197
17203
17207
17233
17245
17251
17254
17276
17286
17287
17290
17294
17298
17314
17315
17317
17335
17339
17344
17347
17348
17353
17354
17355
17373
17381
17382
17390
17396
17406
17412
17419
17422
17425
17426
17442
17456
17465
17476
17492
17503
17505
17517
17542
17555
17570
17576
17583
17609
17622
17623
17643
17648
17654
17655
17660
17678
17686
17687
17698
17699
17704
17709
17710
17732
17733
17749
17752
17755
17767
17774
17785
17796
17827
17831
17833
17843
17850
17851
17864
17869
17885
17887
17894
17895
17900
17911
17920
17933
17954
17993
18010
18015
18016
18017
18022
18024
18029
18035
18039
18064
18071
18074
18080
18086
18090
18091
18102
18110
18117
18121
18130
18133
18134
18139
18144
18152
18166
18179
18194
18195
18225
18236
18241
18243
18252
18264
18277
18288
18290
18301
18303
18305
18338
18342
18367
18379
18403
18411
18415
18418
18459
18468
18470
18471
18474
18482
18503
18504
18523
18529
18562
18567
18594
18608
18611
18628
18644
18657
18661
18702
18709
18710
18711
18715
18719
18749
18750
18774
18794
18808
18838
18842
18845
18854
18862
18882
18889
18896
18902
18929
18941
18947
18960
18961
18962
18975
18981
18990
19002
19020
19027
19036
19044
19046
19050
19059
19066
19078
19080
19102
19114
19124
19132
19138
19142
19145
19149
19161
19162
19171
19172
19194
19195
19236
19245
19260
19288
19308
19327
19332
19336
19357
19358
19362
19366
19378
19385
19387
19391
19407
19409
19412
19436
19472
19484
19486
19522
19529
19542
19548
19552
19553
19571
19581
19588
19612
19617
19619
19650
19680
19700
19702
19708
19734
19735
19737
19738
19757
19764
19796
19799
19815
19824
19826
19845
19849
19858
19859
19862
19864
19872
19875
19878
19884
19908
19929
19944
19955
19966
19970
19980
19984
19986
20000
20011
20017
20021
20065
20074
20080
20084
20112
20127
20134
20153
20165
20166
20175
20188
20204
20210
20227
20230
20234
20236
20238
20240
20242
20247
20259
20267
20301
20307
20314
20326
20337
20347
20357
20362
20370
20378
20396
20417
20428
20433
20439
20468
20479
20527
20554
20561
20577
20581
20587
20598
20619
20622
20626
20638
20645
20649
20663
20670
20674
20676
20694
20702
20706
20707
20731
20754
20765
20767
20769
20777
20780
20782
20792
20793
20812
20850
20853
20864
20867
20881
20893
20898
20932
20941
20942
20967
20982
20988
21003
21005
21006
21013
21041
21061
21062
21069
21078
21105
21116
21117
21121
21129
21143
21204
21206
21242
21248
21259
21269
21272
21276
21280
21284
21298
21319
21325
21343
21349
21351
21353
21371
21382
21386
21393
21404
21425
21433
21435
21441
21453
21461
21464
21477
21479
21483
21489
21492
21503
21510
21517
21519
21533
21544
21547
21579
21607
21613
21621
21639
21658
21675
21678
21690
21704
21710
21712
21717
21725
21756
21773
21782
21785
21789
21799
21801
21826
21827
21829
21860
21861
21875
21876
21895
21950
21952
21959
21964
21974
21989
22001
22014
22017
22027
22043
22046
22058
22062
22069
22073
22086
22097
22105
22129
22163
22185
22192
22194
22202
22236
22246
22248
22250
22251
22259
22262
22265
22272
22292
22307
22327
22341
22361
22393
22395
22400
22416
22420
22421
22422
22430
22449
22461
22464
22465
22493
22494
22498
22532
22533
22536
22543
22561
22564
22572
22579
22593
22604
22617
22628
22641
22653
22662
22665
22668
22681
22703
22708
22712
22713
22747
22749
22761
22762
22783
22791
22799
22804
22805
22820
22832
22850
22883
22894
22903
22908
22909
22914
22916
22940
22941
22942
22945
22970
22981
22987
23011
23019
23030
23034
23042
23058
23062
23063
23074
23082
23085
23086
23092
23093
23096
23101
23102
23119
23125
23150
23151
23162
23167
23176
23183
23188
23190
23207
23213
23217
23220
23237
23239
23245
23257
23267
23272
23278
23285
23287
23288
23304
23317
23334
23336
23343
23348
23362
23373
23391
23406
23425
23429
23430
23431
23432
23438
23442
23446
23454
23459
23466
23471
23479
23486
23500
23517
23524
23526
23528
23530
23547
23551
23552
23563
23573
23581
23591
23610
23613
23641
23649
23655
23674
23687
23693
23696
23697
23700
23711
23713
23726
23735
23740
23775
23777
23797
23802
23814
23815
23837
23843
23844
23846
23847
23849
23850
23885
23889
23895
23908
23912
23926
23931
23940
23965
23973
23977
23985
24013
24036
24056
24057
24063
24085
24108
24114
24116
24118
24134
24158
24167
24173
24176
24182
24185
24198
24201
24204
24210
24233
24246
24256
24265
24279
24283
24294
24295
24297
24301
24306
24307
24333
24339
24345
24351
24374
24376
24394
24397
24428
24429
24430
24431
24461
24468
24475
24483
24487
24497
24519
24523
24524
24530
24536
24546
24564
24570
24577
24631
24632
24648
24655
24666
24669
24693
24700
24702
24708
24714
24724
24725
24732
24736
24747
24755
24764
24775
24777
24786
24803
24804
24807
24817
24819
24842
24848
24853
24856
24873
24883
24885
24891
24896
24925
24927
24929
24938
24943
24957
24959
24963
24969
24971
24972
24991
24998
25004
25011
25014
25025
25027
25047
25053
25067
25070
25095
25116
25124
25137
25138
25143
25160
25164
25166
25169
25175
25190
25202
25208
25235
25267
25271
25273
25274
25286
25288
25290
25294
25300
25308
25316
25324
25333
25341
25373
25380
25389
25394
25396
25400
25409
25411
25446
25451
25458
25489
25496
25500
25506
25508
25510
25513
25517
25521
25532
25551
25562
25576
25588
25591
25613
25616
25620
25638
25644
25647
25671
25679
25684
25712
25718
25728
25729
25732
25768
25770
25796
25810
25814
25819
25822
25827
25831
25847
25852
25862
25864
25865
25868
25878
25904
25919
25923
25924
25945
25952
25973
25977
25986
25997
26012
26022
26033
26039
26047
26061
26080
26116
26118
26119
26120
26139
26141
26146
26153
26163
26170
26184
26194
26198
26203
26207
26214
26223
26243
26246
26251
26257
26266
26269
26279
26296
26332
26339
26341
26349
26361
26363
26365
26366
26381
26397
26407
26409
26420
26427
26442
26444
26454
26464
26472
26486
26494
26525
26526
26540
26555
26557
26580
26583
26605
26610
26616
26623
26624
26626
26627
26628
26630
26641
26643
26656
26663
26667
26671
26679
26680
26683
26699
26713
26715
26732
26755
26757
26769
26776
26779
26793
26807
26813
26818
26821
26825
26837
26848
26852
26865
26881
26888
26915
26933
26942
26955
26957
26959
26961
26963
26965
26986
26991
27002
27016
27034
27041
27043
27083
27097
27098
27119
27122
27126
27128
27135
27153
27166
27171
27181
27192
27206
27227
27278
27279
27289
27290
27296
27307
27372
27385
27388
27400
27402
27436
27439
27447
27450
27452
27455
27459
27488
27504
27514
27515
27519
27522
27536
27552
27556
27558
27577
27578
27586
27589
27626
27629
27632
27639
27643
27650
27657
27661
27669
27672
27673
27685
27700
27710
27712
27713
27720
27726
27737
27740
27746
27761
27778
27798
27804
27809
27815
27827
27831
27839
27856
27879
27881
27883
27885
27895
27898
27902
27908
27912
27913
27937
27941
27970
27974
27975
27978
27990
27991
27994
28001
28022
28028
28046
28055
28060
28064
28074
28077
28090
28104
28113
28123
28128
28132
28141
28146
28153
28155
28182
28184
28220
28223
28236
28274
28277
28289
28290
28304
28310
28314
28323
28327
28365
28389
28453
28459
28460
28469
28472
28475
28480
28489
28498
28507
28509
28514
28525
28526
28545
28551
28561
28568
28573
28577
28580
28588
28591
28603
28604
28605
28608
28643
28647
28650
28652
28661
28668
28669
28671
28693
28708
28711
28713
28718
28737
28761
28785
28789
28812
28829
28832
28845
28859
28862
28882
28892
28908
28910
28917
28937
28939
28941
28956
28966
28970
28972
28981
28989
29021
29024
29028
29044
29057
29080
29082
29089
29090
29109
29168
29178
29187
29192
29193
29199
29208
29216
29218
29221
29251
29260
29263
29268
29287
29290
29305
29318
29323
29327
29340
29345
29365
29384
29394
29395
29397
29404
29418
29434
29450
29461
29463
29481
29483
29489
29494
29507
29514
29530
29534
29536
29537
29540
29547
29559
29571
29587
29591
29603
29616
29656
29659
29661
29663
29664
29670
29676
29687
29692
29698
29708
29716
29727
29735
29741
29759
29761
29768
29780
29782
29783
29805
29808
29811
29819
29823
29827
29888
29912
29914
29932
29936
29938
29942
29947
29948
29961
29965
29980
30006
30007
30039
30056
30100
30110
30125
30130
30131
30132
30138
30165
30167
30197
30205
30210
30228
30243
30246
30281
30296
30298
30305
30319
30334
30341
30342
30348
30357
30358
30363
30372
30373
30375
30396
30399
30405
30413
30417
30423
30430
30447
30448
30463
30466
30471
30475
30481
30483
30486
30509
30521
30539
30548
30557
30561
30568
30577
30586
30590
30598
30629
30631
30633
30644
30647
30660
30681
30699
30705
30710
30714
30717
30734
30738
30739
30742
30822
30827
30840
30858
30877
30888
30898
30918
30932
30935
30949
30953
30967
30983
30988
30990
30991
30997
31007
31019
31021
31026
31036
31041
31044
31060
31076
31095
31115
31118
31119
31121
31127
31133
31134
31139
31152
31154
31169
31176
31181
31195
31199
31200
31220
31221
31229
31256
31270
31286
31308
31329
31344
31349
31352
31365
31375
31399
31400
31401
31403
31411
31421
31435
31446
31449
31473
31501
31525
31546
31547
31550
31557
31571
31575
31624
31637
31640
31651
31652
31660
31662
31663
31682
31685
31689
31700
31711
31722
31723
31724
31729
31768
31773
31777
31779
31786
31802
31824
31825
31835
31841
31843
31850
31852
31856
31862
31878
31882
31913
31914
31916
31932
31941
31951
31958
31968
31970
31980
31982
31994
32009
32010
32042
32045
32054
32057
32070
32072
32074
32082
32098
32110
32121
32126
32137
32149
32157
32163
32164
32195
32213
32243
32249
32257
32293
32298
32327
32378
32390
32409
32422
32451
32452
32469
32483
32512
32513
32524
32525
32530
32544
32583
32601
32604
32613
32627
32633
32634
32659
32661
32667
32674
32682
32691
32693
32713
32747
32751
32769
32785
32788
32800
32824
32830
32843
32847
32856
32861
32866
32881
32922
32927
32939
32945
32955
32969
32980
32981
32982
32983
32990
33005
33006
33011
33016
33020
33022
33029
33032
33072
33079
33091
33094
33102
33105
33123
33126
33130
33154
33155
33164
33173
33177
33181
33186
33188
33201
33204
33234
33243
33271
33285
33297
33306
33328
33332
33351
33353
33362
33370
33386
33397
33412
33414
33422
33423
33426
33430
33438
33445
33456
33466
33469
33482
33484
33485
33498
33506
33522
33523
33525
33532
33540
33541
33547
33550
33564
33577
33597
33600
33613
33620
33635
33648
33662
33670
33672
33681
33769
33797
33799
33810
33843
33844
33847
33858
33869
33878
33893
33902
33907
33940
33947
33965
33974
33992
34000
34036
34046
34060
34080
34088
34091
34092
34096
34102
34105
34125
34130
34132
34137
34140
34153
34158
34172
34174
34191
34193
34220
34271
34279
34295
34317
34319
34326
34329
34350
34361
34375
34396
34398
34416
34420
34421
34446
34473
34477
34481
34489
34520
34521
34525
34527
34571
34643
34647
34670
34685
34691
34693
34704
34707
34717
34724
34729
34736
34743
34772
34773
34781
34797
34799
34808
34812
34815
34824
34840
34841
34844
34845
34865
34873
34880
34884
34903
34906
34916
34919
34921
34929
34939
34944
34949
34955
34958
34962
35006
35014
35037
35053
35065
35066
35067
35070
35073
35076
35080
35081
35082
35103
35106
35132
35134
35138
35140
35145
35151
35153
35155
35163
35171
35172
35181
35187
35202
35203
35213
35223
35227
35231
35235
35251
35285
35287
35339
35348
35355
35359
35361
35379
35380
35394
35400
35409
35422
35457
35458
35481
35482
35493
35505
35516
35549
35573
35591
35594
35604
35606
35607
35613
35630
35658
35667
35684
35690
35691
35695
35696
35708
35719
35728
35729
35735
35736
35755
35782
35790
35791
35804
35808
35809
35826
35827
35828
35829
35868
35887
35889
35904
35929
35937
35952
35954
35964
35975
35995
36014
36050
36061
36067
36079
36095
36100
36103
36110
36119
36144
36158
36166
36181
36182
36188
36191
36194
36200
36201
36220
36222
36228
36245
36253
36261
36269
36281
36288
36299
36313
36315
36325
36326
36343
36347
36368
36371
36385
36397
36440
36451
36456
36458
36464
36476
36492
36493
36496
36499
36513
36524
36526
36535
36536
36537
36555
36559
36575
36597
36607
36612
36616
36620
36623
36624
36627
36635
36641
36645
36657
36667
36675
36683
36690
36693
36700
36704
36706
36737
36763
36764
36768
36772
36780
36787
36797
36799
36804
36826
36854
36859
36922
36931
36942
36973
36975
36983
36987
36995
37009
37025
37032
37064
37065
37068
37109
37114
37116
37167
37192
37199
37203
37207
37243
37246
37258
37274
37278
37282
37300
37330
37339
37341
37362
37371
37377
37382
37394
37399
37402
37419
37422
37429
37434
37448
37451
37489
37493
37494
37516
37520
37528
37542
37552
37554
37556
37569
37572
37603
37616
37622
37630
37632
37635
37670
37676
37704
37706
37707
37709
37719
37731
37734
37743
37747
37755
37772
37780
37781
37790
37791
37800
37801
37807
37811
37815
37818
37828
37837
37838
37840
37844
37846
37859
37866
37867
37868
37873
37879
37899
37929
37933
37978
37979
37986
38026
38032
38034
38047
38059
38089
38116
38143
38149
38183
38194
38196
38199
38215
38223
38249
38264
38266
38267
38268
38284
38288
38296
38297
38310
38315
38319
38329
38366
38382
38397
38409
38411
38418
38430
38434
38445
38457
38461
38463
38464
38481
38483
38488
38492
38502
38520
38534
38541
38560
38570
38582
38586
38587
38601
38607
38613
38617
38624
38627
38648
38650
38665
38667
38675
38721
38722
38742
38749
38763
38786
38788
38819
38823
38830
38839
38854
38863
38864
38866
38867
38885
38886
38893
38898
38910
38966
38983
38993
39008
39027
39036
39037
39040
39046
39052
39058
39067
39076
39080
39081
39083
39088
39095
39100
39111
39127
39128
39129
39136
39140
39152
39155
39162
39163
39168
39169
39175
39180
39185
39186
39189
39193
39198
39201
39205
39215
39218
39227
39236
39270
39279
39280
39284
39285
39295
39308
39315
39323
39349
39367
39370
39380
39420
39425
39433
39438
39450
39470
39472
39480
39513
39519
39541
39553
39561
39572
39591
39607
39625
39630
39652
39654
39677
39678
39733
39734
39748
39750
39754
39782
39788
39794
39797
39798
39801
39806
39819
39838
39842
39880
39882
39890
39906
39914
39915
39917
39918
39919
39935
39959
39966
39968
39971
39978
40011
40019
40021
40022
40030
40042
40054
40080
40083
40137
40150
40151
40155
40158
40164
40170
40172
40177
40181
40185
40188
40190
40195
40204
40207
40210
40213
40232
40239
40245
40247
40249
40254
40257
40261
40273
40294
40303
40309
40322
40356
40365
40388
40395
40404
40408
40410
40412
40425
40434
40437
40456
40465
40475
40476
40481
40493
40498
40506
40517
40522
40525
40527
40533
40535
40544
40569
40578
40583
40585
40589
40595
40601
40608
40613
40629
40633
40638
40640
40653
40670
40671
40698
40701
40708
40715
40734
40748
40755
40757
40761
40764
40816
40826
40828
40840
40848
40867
40868
40878
40890
40892
40917
40919
40929
40935
40941
40953
40965
40981
40994
41011
41035
41037
41052
41055
41064
41108
41115
41116
41120
41121
41136
41141
41154
41166
41176
41178
41193
41197
41207
41226
41232
41241
41265
41275
41278
41283
41299
41303
41305
41324
41335
41347
41348
41351
41366
41367
41368
41373
41383
41385
41411
41423
41429
41430
41451
41452
41453
41483
41485
41494
41500
41508
41518
41523
41532
41538
41550
41554
41576
41594
41600
41607
41614
41615
41619
41629
41649
41658
41660
41664
41669
41673
41685
41689
41693
41704
41731
41737
41741
41744
41746
41754
41761
41776
41787
41804
41806
41821
41823
41832
41848
41851
41855
41856
41867
41871
41892
41899
41906
41931
41950
41951
41968
41971
41977
41991
42027
42033
42039
42050
42056
42111
42125
42142
42148
42149
42160
42173
42176
42213
42224
42253
42256
42276
42306
42337
42338
42343
42347
42353
42355
42362
42393
42400
42409
42427
42430
42436
42461
42463
42470
42471
42475
42480
42485
42486
42490
42499
42512
42524
42527
42552
42562
42564
42568
42589
42593
42598
42608
42625
42638
42650
42663
42681
42698
42701
42703
42725
42730
42733
42734
42737
42744
42764
42801
42811
42816
42834
42836
42846
42852
42893
42894
42917
42927
42940
42948
42957
42968
42969
43000
43011
43012
43030
43049
43056
43058
43106
43125
43146
43149
43160
43164
43166
43218
43221
43230
43239
43241
43273
43278
43306
43327
43334
43348
43359
43361
43364
43376
43385
43393
43400
43411
43426
43432
43433
43435
43441
43442
43444
43448
43462
43467
43469
43481
43483
43496
43500
43501
43504
43509
43521
43534
43545
43556
43567
43583
43586
43609
43629
43630
43633
43640
43662
43667
43673
43691
43692
43703
43714
43732
43750
43752
43754
43766
43775
43781
43792
43820
43823
43830
43847
43853
43854
43861
43878
43887
43889
43891
43894
43908
43924
43930
43932
43938
43942
43960
43961
43962
43974
44002
44007
44013
44017
44031
44041
44071
44083
44105
44111
44118
44125
44148
44149
44155
44162
44181
44197
44214
44216
44227
44235
44247
44249
44258
44261
44262
44266
44288
44290
44300
44301
44314
44326
44333
44342
44350
44370
44419
44428
44432
44435
44436
44440
44455
44458
44465
44472
44487
44490
44512
44536
44542
44547
44551
44560
44576
44582
44588
44589
44591
44594
44607
44617
44629
44639
44647
44650
44657
44663
44666
44677
44693
44714
44715
44719
44731
44735
44745
44746
44757
44768
44777
44787
44788
44819
44825
44835
44847
44880
44890
44900
44902
44906
44910
44911
44914
44940
44951
44957
44964
44968
45021
45029
45036
45061
45064
45069
45075
45079
45081
45090
45092
45102
45120
45122
45132
45135
45149
45154
45253
45255
45256
45267
45279
45294
45313
45321
45335
45346
45351
45355
45359
45369
45370
45373
45382
45384
45396
45406
45416
45417
45418
45439
45459
45462
45466
45467
45468
45473
45475
45489
45494
45495
45508
45510
45511
45513
45526
45535
45537
45556
45563
45587
45588
45607
45618
45657
45661
45663
45681
45682
45693
45694
45701
45702
45704
45707
45712
45722
45735
45743
45747
45750
45757
45760
45774
45787
45801
45805
45817
45823
45849
45850
45864
45865
45869
45870
45885
45896
45908
45918
45952
45963
45970
45972
45976
45996
45997
46004
46011
46025
46046
46049
46054
46073
46074
46079
46086
46143
46152
46158
46166
46175
46180
46183
46191
46198
46211
46229
46234
46275
46278
46280
46297
46312
46321
46326
46334
46335
46360
46366
46367
46384
46406
46413
46415
46425
46438
46455
46462
46464
46467
46480
46486
46505
46522
46523
46524
46527
46528
46532
46551
46552
46556
46568
46580
46590
46592
46615
46617
46621
46626
46628
46632
46644
46647
46658
46670
46684
46694
46696
46717
46721
46725
46727
46758
46780
46781
46788
46792
46797
46800
46804
46805
46812
46823
46845
46848
46861
46868
46872
46883
46893
46901
46919
46945
46953
46972
46990
46997
47006
47007
47018
47022
47025
47027
47035
47036
47046
47055
47073
47081
47092
47094
47100
47102
47108
47109
47119
47128
47141
47162
47163
47166
47173
47174
47180
47185
47222
47235
47237
47239
47255
47270
47301
47311
47314
47347
47356
47362
47363
47374
47387
47394
47400
47403
47406
47409
47414
47419
47436
47467
47471
47495
47498
47537
47541
47567
47583
47596
47599
47615
47622
47624
47642
47651
47657
47680
47682
47685
47688
47692
47702
47710
47732
47736
47738
47739
47748
47753
47756
47761
47765
47770
47777
47779
47794
47805
47806
47807
47808
47810
47811
47833
47861
47863
47870
47892
47893
47900
47910
47915
47932
47936
47955
47957
47960
47984
48001
48004
48014
48015
48021
48022
48039
48048
48072
48075
48079
48081
48084
48085
48087
48092
48095
48098
48104
48105
48113
48124
48138
48143
48152
48156
48161
48173
48181
48185
48186
48196
48197
48209
48223
48229
48249
48255
48260
48264
48284
48289
48294
48304
48320
48326
48328
48352
48354
48388
48399
48400
48455
48482
48501
48510
48517
48523
48539
48547
48558
48580
48589
48592
48593
48599
48600
48608
48617
48620
48629
48634
48645
48663
48703
48709
48721
48725
48733
48746
48761
48794
48814
48816
48819
48842
48844
48855
48879
48882
48889
48897
48917
48924
48927
48936
48946
48947
48950
48951
48953
48957
48966
48977
48986
49011
49012
49020
49031
49046
49050
49053
49065
49086
49092
49093
49098
49106
49117
49125
49151
49155
49165
49169
49179
49183
49209
49217
49238
49241
49245
49263
49285
49290
49295
49296
49308
49310
49314
49330
49352
49355
49359
49368
49380
49383
49397
49421
49424
49431
49434
49443
49450
49470
49472
49473
49501
49508
49512
49519
49527
49530
49534
49557
49571
49582
49584
49596
49597
49613
49626
49629
49632
49639
49648
49650
49659
49673
49679
49685
49686
49706
49708
49712
49716
49718
49727
49736
49740
49763
49771
49785
49787
49827
49844
49855
49859
49861
49862
49874
49889
49893
49910
49914
49923
49955
49957
49968
49978
49986
1000
85839
87147
36693
29114
63404
27836
68716
24242
45279
13109
8264
60740
708
26287
16785
27844
21742
48523
38010
37043
96530
98328
75676
56602
79959
85604
5525
81583
87980
18954
33795
73818
6100
70488
2932
7330
36150
71648
31573
19256
22583
77664
79996
61118
41777
96782
88963
63520
83131
64799
38389
79660
63126
14065
74088
43084
99669
79613
62494
25474
36393
96289
37118
80320
4602
77877
87651
40752
87351
57050
60008
9934
72540
77831
8878
14316
74612
97841
77836
95569
465
16225
13054
63591
68117
87142
44502
5611
66755
6995
31085
40974
3283
6029
21294
7885
83907
8944
86464
71257
3820
84299
19017
76360
62129
27896
90676
36740
63563
68512
70135
1855
22563
83189
65446
90680
70330
47774
34117
74911
54769
65202
15885
58052
9057
37179
3763
92964
83950
90228
2047
87770
12352
58891
1955
74481
86787
92631
49047
88177
98969
19181
90032
59358
2369
93304
50037
72699
41078
84154
47610
33673
87182
1321
29552
96240
76327
33315
27029
98103
61369
66903
23698
73721
25794
25653
48201
50407
18283
35074
76410
55079
54255
66441
14436
56624
97572
2300
67150
76476
24280
52586
10148
11462
53907
39700
45528
68060
10842
10383
66162
10037
77287
89860
21585
40907
15512
7612
91314
71622
42687
67724
64527
96942
71991
16790
91393
7388
19090
58542
83864
43370
48954
31839
92659
40687
71539
76013
8746
20207
86397
12734
68072
1509
2593
89657
42416
55932
97269
33729
65380
39955
39279
67734
74724
11270
84524
66116
18658
3613
62484
40349
84810
49264
72188
77469
89951
81553
53481
36523
1760
77704
49257
69832
79213
89677
97315
59455
83435
94583
93185
86641
72365
70290
54374
47088
81560
38897
51030
38045
80337
51340
78394
65147
603
50581
42615
28380
32133
33922
2729
71720
11626
51986
79378
28665
79489
76692
88121
62923
9101
19131
49563
81466
89421
41764
66380
8807
18487
55236
46852
98825
6575
63072
63971
45005
13652
44412
11211
83612
78334
13940
93159
27786
3752
72536
56452
83241
87055
44572
83990
96156
1529
71379
77621
90950
13142
81827
37583
31630
37062
84435
68281
81464
85333
70078
64295
98985
14489
75506
20423
30649
27272
13581
58436
31024
86117
52714
14264
73171
35112
36080
7152
36641
7458
84773
65417
58428
4425
3000
27884
79314
25261
96165
60777
10594
66242
25071
47405
18557
38403
67828
49206
65675
81409
45468
34525
5352
98182
86616
78523
71120
22695
85676
7760
67981
8274
11004
26408
50527
14004
54292
29840
77092
88283
28444
25512
54524
91342
72918
10907
29745
40745
97940
33246
59981
43408
5598
65333
79416
92214
81682
50536
52736
5183
96123
20716
51285
7126
47124
1811
58957
39242
69478
73876
27524
97922
99388
82048
89264
72305
30781
56835
50877
28720
90081
10857
9954
95679
14016
27197
25719
95698
15559
78455
38708
11681
36997
89993
56635
84121
29630
53418
23362
99108
27293
88713
34856
26681
8586
24119
98986
39367
80954
49862
68087
8860
98546
78042
42366
12561
5238
68085
46086
58624
84366
84794
70305
21362
12612
64766
43309
42242
18184
4497
79176
45477
93210
14031
72158
1795
75977
8970
78989
56930
96659
47075
3617
95205
62943
45983
7765
6007
51894
53851
64631
74086
76471
72763
95448
89083
37528
76583
69151
93539
18906
86154
39016
12115
38011
49000
51737
13988
95797
30725
8744
92456
15626
12361
87660
16396
96171
33251
60230
48064
24929
62688
22149
39226
35450
55423
28309
10804
69832
35286
4343
88738
21439
43359
852
59451
30185
90416
11265
25982
58967
20009
18437
74594
70198
43923
90990
66368
15000
89046
52259
77756
51733
12234
16982
87183
5484
83118
97988
75316
18403
40157
64054
39843
21342
2732
37120
51527
93149
48385
15335
52115
6220
71599
64535
14244
53348
93351
18439
6175
82397
70698
83931
34129
20758
38739
59139
26242
59683
94953
39385
78087
35109
3438
55756
56451
43997
30702
45804
37145
79087
98967
27087
23133
70565
29448
37378
23913
22799
55817
30088
43022
64341
51845
77151
85099
28411
74116
49168
88094
69068
88553
66180
42003
29817
59762
36280
73814
90464
19911
48786
7376
18877
75873
30510
89442
5320
5714
51181
65946
99358
19095
8967
63698
8767
23945
86623
37178
98061
73617
25271
4955
62169
29278
46958
29812
26866
83239
3626
17330
3149
52412
62533
22026
66111
30869
49294
9257
36583
38302
75204
73767
95224
21997
37464
3990
45942
61914
78995
44003
35530
42093
48958
35526
71371
33742
65338
98237
16980
68964
53393
57956
59202
53753
17808
25312
84622
4929
72397
59032
43231
47600
32798
76281
7423
8089
80272
53366
70003
97093
35195
43359
39185
21979
78885
48382
55721
82050
84446
10528
88840
37838
6310
48042
91591
24119
11180
14039
29048
83577
73071
10105
69003
5868
86386
76427
51784
4483
67619
21786
1576
2813
2972
40761
62619
81857
26970
18339
1732
11415
66694
90573
87080
73005
76441
78671
34950
87621
30536
63998
71198
3606
11929
78027
47301
98315
54453
99086
40625
22071
58698
80028
62711
61670
58615
25329
81354
85585
81496
83086
97000
86016
11484
84080
59020
87925
576
93970
75546
31112
95794
84570
72545
7722
62596
19845
43864
17049
56757
22315
76947
15455
2342
77485
77125
60957
2813
96305
46542
22135
79391
81368
8151
28701
65447
4997
16626
3849
36794
92172
34961
32587
14567
7505
78137
77163
65178
59827
32038
21934
82142
46812
75216
84484
24296
52341
83267
64936
86472
29808
87072
65862
11176
33049
32390
14449
38046
49016
18299
12666
79014
91087
83081
93581
36419
61217
8569
1596
58870
78435
61357
78838
25246
36573
63321
49542
26740
84414
14477
13211
14222
39375
16900
63225
10250
49290
77674
86124
98306
33799
98790
15145
24886
81870
46552
61305
80913
55121
727
39782
33555
62084
18619
96628
98657
19766
46169
63223
4180
98474
76435
56229
75675
93335
57280
85926
42624
72780
72049
78756
6579
8664
31727
69292
90535
78279
68423
71447
33399
69150
49056
4781
31233
5501
1408
67717
63095
85405
30939
5101
21704
45200
99157
35205
38534
56436
21130
18984
29215
31005
35566
73621
39670
67293
80739
68031
45571
49161
77304
16797
18310
26359
59405
87371
69688
98640
92914
32782
84044
61679
75710
43574
6879
74866
16606
45413
31301
37736
2224
98343
6568
37790
9790
84065
5083
90529
52095
88481
39690
29398
5277
95827
93585
64682
83197
