4000
144
201
202
204
206
207
208
209
211
218
222
224
225
227
228
229
232
236
238
239
240
241
244
246
250
251
252
253
256
257
259
261
263
266
267
269
270
272
274
275
279
280
283
284
289
291
293
294
295
301
302
306
309
311
312
313
316
318
319
320
322
323
324
325
326
328
330
332
335
336
337
339
350
353
356
357
358
359
360
361
363
365
366
368
374
375
376
378
381
382
384
386
387
390
391
392
393
395
396
397
398
400
408
409
412
414
418
420
421
425
430
436
437
439
442
445
448
449
450
451
454
456
462
466
471
472
473
476
479
480
481
485
487
488
490
493
494
496
497
503
504
508
511
514
516
518
519
530
533
535
536
537
538
539
540
544
548
549
550
552
554
557
559
565
567
570
572
573
575
578
579
582
584
589
591
597
598
599
600
603
604
605
606
607
611
613
614
616
619
625
628
631
633
637
639
642
646
647
649
650
652
656
658
661
663
668
670
673
676
677
678
683
685
687
690
691
695
697
698
699
701
702
707
708
709
716
719
720
723
725
726
728
730
731
732
733
735
738
742
744
745
747
748
749
750
752
754
755
756
758
759
764
766
777
779
785
788
790
792
801
805
806
807
808
809
814
815
816
817
818
821
822
824
826
828
829
832
835
838
839
841
848
855
857
858
863
864
867
868
872
878
882
885
886
888
890
891
894
896
902
905
907
909
910
913
915
921
922
925
927
930
938
939
942
945
948
950
954
955
956
957
958
959
960
963
971
972
974
979
980
981
987
989
990
991
992
993
997
998
1002
1005
1007
1010
1012
1015
1017
1023
1024
1025
1026
1028
1030
1033
1035
1036
1038
1040
1046
1051
1058
1059
1061
1062
1066
1069
1077
1078
1081
1086
1089
1090
1095
1096
1098
1100
1102
1103
1105
1106
1107
1111
1113
1114
1115
1117
1121
1124
1130
1144
1152
1154
1155
1160
1162
1164
1169
1170
1171
1172
1173
1176
1179
1180
1182
1184
1188
1190
1191
1193
1197
1203
1205
1208
1209
1211
1212
1213
1214
1215
1218
1220
1222
1223
1224
1225
1226
1230
1234
1236
1239
1244
1246
1247
1249
1251
1252
1254
1255
1256
1258
1261
1262
1264
1272
1275
1278
1282
1287
1288
1290
1291
1292
1294
1295
1296
1299
1302
1303
1305
1308
1309
1310
1311
1312
1313
1316
1317
1319
1323
1326
1330
1331
1339
1340
1343
1344
1348
1350
1356
1360
1361
1365
1368
1370
1372
1373
1375
1379
1381
1382
1384
1385
1387
1388
1391
1392
1393
1395
1398
1403
1404
1408
1410
1411
1412
1416
1417
1425
1426
1428
1430
1432
1433
1437
1441
1442
1445
1446
1447
1453
1463
1466
1468
1469
1472
1473
1476
1479
1480
1481
1483
1484
1485
1487
1490
1493
1494
1502
1503
1504
1505
1507
1508
1509
1511
1513
1531
1532
1534
1535
1537
1540
1542
1543
1545
1547
1551
1553
1555
1556
1560
1561
1569
1570
1572
1573
1575
1577
1578
1579
1581
1582
1583
1586
1587
1588
1589
1604
1605
1607
1609
1615
1618
1620
1621
1623
1624
1625
1627
1628
1629
1631
1633
1635
1637
1641
1644
1645
1647
1649
1651
1653
1657
1659
1660
1661
1668
1670
1672
1675
1677
1679
1681
1682
1686
1690
1695
1696
1704
1707
1708
1709
1710
1711
1712
1716
1717
1718
1722
1723
1728
1730
1733
1735
1736
1739
1742
1745
1753
1755
1759
1760
1761
1765
1768
1769
1771
1772
1774
1775
1777
1779
1782
1783
1784
1785
1787
1788
1793
1795
1796
1800
1801
1802
1807
1817
1819
1820
1821
1824
1826
1827
1828
1829
1833
1834
1835
1838
1841
1843
1844
1845
1846
1849
1850
1851
1852
1853
1854
1855
1856
1857
1858
1859
1861
1864
1865
1870
1871
1872
1873
1874
1877
1878
1880
1881
1884
1886
1890
1891
1894
1895
1897
1902
1903
1904
1905
1908
1909
1910
1911
1918
1920
1925
1927
1928
1929
1934
1935
1937
1938
1939
1943
1946
1948
1951
1953
1955
1956
1957
1961
1968
1969
1970
1974
1975
1976
1977
1980
1981
1985
1986
1987
1988
1992
1994
1995
1996
2001
2007
2009
2010
2011
2016
2019
2021
2023
2025
2026
2031
2033
2035
2042
2048
2049
2050
2052
2053
2055
2060
2063
2066
2067
2071
2072
2074
2075
2079
2082
2084
2085
2090
2091
2092
2093
2097
2102
2103
2104
2105
2108
2109
2116
2117
2118
2119
2120
2121
2122
2123
2127
2128
2129
2130
2133
2136
2139
2145
2147
2148
2153
2154
2159
2160
2161
2163
2165
2166
2170
2171
2172
2177
2178
2181
2182
2183
2185
2186
2187
2191
2193
2194
2195
2197
2199
2204
2207
2208
2211
2213
2214
2215
2216
2217
2219
2220
2224
2225
2228
2230
2232
2234
2235
2239
2241
2243
2247
2250
2252
2254
2255
2259
2260
2265
2267
2268
2271
2273
2274
2277
2280
2283
2287
2289
2290
2294
2302
2303
2304
2307
2308
2309
2312
2315
2318
2320
2322
2324
2327
2330
2333
2337
2340
2345
2353
2354
2359
2360
2361
2362
2363
2365
2366
2371
2373
2374
2379
2384
2385
2386
2388
2392
2393
2394
2398
2399
2407
2411
2413
2414
2419
2422
2423
2428
2429
2432
2433
2434
2443
2444
2445
2446
2447
2449
2453
2455
2458
2459
2462
2465
2468
2469
2470
2472
2474
2477
2478
2480
2484
2486
2487
2491
2493
2494
2498
2499
2502
2507
2508
2511
2514
2515
2516
2523
2526
2529
2530
2532
2533
2535
2538
2539
2542
2543
2544
2545
2546
2547
2550
2553
2555
2557
2559
2560
2561
2563
2568
2569
2570
2573
2574
2575
2577
2578
2580
2581
2582
2583
2584
2592
2593
2594
2595
2597
2598
2600
2605
2610
2612
2613
2614
2619
2620
2621
2624
2625
2627
2630
2634
2640
2641
2644
2647
2648
2649
2650
2652
2654
2655
2659
2665
2669
2670
2671
2672
2673
2677
2680
2681
2682
2684
2685
2691
2692
2693
2694
2695
2696
2698
2700
2706
2708
2709
2711
2714
2715
2717
2718
2719
2723
2732
2734
2735
2736
2738
2739
2740
2741
2744
2750
2754
2758
2759
2760
2762
2766
2767
2768
2773
2774
2779
2781
2785
2787
2791
2792
2801
2806
2809
2815
2816
2817
2824
2825
2828
2829
2830
2842
2844
2846
2847
2848
2851
2852
2853
2857
2863
2864
2867
2868
2869
2870
2876
2882
2883
2888
2890
2891
2892
2894
2897
2898
2899
2900
2902
2906
2913
2920
2924
2925
2926
2931
2937
2938
2940
2941
2943
2944
2946
2954
2957
2960
2961
2964
2966
2967
2969
2970
2971
2972
2981
2982
2983
2985
2989
2991
2992
2995
3001
3011
3017
3018
3019
3020
3023
3027
3030
3033
3034
3036
3038
3039
3044
3048
3050
3051
3053
3054
3057
3059
3061
3065
3067
3068
3072
3074
3079
3080
3085
3086
3088
3090
3091
3092
3095
3096
3097
3098
3100
3102
3110
3120
3122
3123
3124
3126
3127
3128
3129
3132
3134
3136
3137
3138
3141
3142
3144
3145
3146
3147
3149
3154
3155
3158
3159
3162
3166
3172
3174
3177
3178
3181
3182
3183
3184
3186
3187
3188
3189
3192
3193
3195
3196
3197
3201
3202
3204
3205
3207
3209
3211
3213
3219
3221
3222
3223
3225
3229
3231
3236
3237
3239
3247
3251
3253
3254
3258
3260
3261
3263
3266
3267
3281
3283
3284
3289
3297
3298
3304
3305
3306
3309
3310
3311
3315
3316
3317
3318
3320
3321
3322
3325
3326
3330
3335
3345
3350
3351
3356
3358
3361
3363
3364
3366
3367
3368
3371
3374
3377
3378
3381
3388
3392
3393
3396
3400
3401
3403
3404
3405
3406
3407
3408
3409
3411
3413
3416
3418
3421
3423
3426
3427
3429
3430
3431
3432
3434
3435
3438
3439
3446
3447
3450
3453
3456
3461
3466
3469
3470
3472
3475
3478
3482
3484
3486
3487
3488
3489
3490
3492
3493
3494
3497
3500
3501
3502
3504
3506
3508
3510
3512
3514
3517
3518
3520
3523
3528
3529
3531
3532
3535
3536
3537
3539
3550
3556
3559
3566
3567
3569
3570
3571
3572
3573
3575
3576
3577
3582
3585
3588
3591
3598
3599
3602
3603
3604
3608
3610
3613
3615
3617
3618
3619
3620
3622
3624
3626
3628
3629
3632
3633
3634
3636
3639
3642
3645
3653
3662
3663
3665
3669
3670
3673
3674
3675
3682
3683
3690
3701
3704
3705
3707
3709
3710
3712
3715
3717
3718
3721
3723
3725
3726
3728
3732
3735
3738
3741
3743
3749
3750
3754
3759
3760
3762
3763
3764
3766
3770
3780
3784
3785
3788
3791
3794
3796
3797
3801
3807
3810
3811
3812
3813
3814
3817
3819
3824
3827
3833
3834
3836
3841
3842
3843
3844
3846
3849
3854
3855
3857
3859
3864
3865
3872
3874
3876
3878
3883
3884
3885
3887
3891
3894
3898
3900
3901
3902
3903
3905
3906
3907
3909
3910
3911
3912
3913
3914
3916
3921
3922
3923
3930
3933
3936
3938
3939
3940
3942
3948
3949
3950
3952
3954
3962
3963
3965
3967
3968
3975
3977
3979
3980
3981
3983
3984
3987
3988
3992
3994
3995
3996
3998
4000
4002
4004
4009
4010
4016
4018
4020
4029
4030
4031
4036
4037
4039
4048
4049
4050
4051
4053
4056
4057
4058
4061
4062
4063
4072
4073
4075
4077
4078
4080
4086
4087
4089
4090
4097
4102
4103
4107
4112
4113
4121
4123
4125
4127
4128
4131
4132
4133
4134
4135
4136
4142
4143
4146
4149
4150
4151
4152
4155
4163
4164
4168
4169
4170
4172
4178
4185
4189
4190
4193
4194
4197
4198
4199
4200
4201
4204
4205
4206
4208
4209
4211
4219
4225
4226
4227
4229
4236
4237
4241
4244
4248
4250
4256
4260
4261
4263
4265
4266
4271
4272
4274
4277
4278
4282
4284
4288
4289
4291
4295
4298
4299
4300
4304
4305
4308
4310
4313
4316
4318
4324
4332
4336
4339
4340
4347
4355
4359
4360
4361
4362
4363
4364
4365
4368
4375
4379
4380
4382
4383
4385
4387
4389
4390
4391
4393
4395
4396
4398
4400
4401
4403
4409
4410
4413
4416
4417
4419
4421
4430
4431
4432
4435
4440
4442
4445
4446
4448
4454
4456
4457
4468
4469
4470
4472
4475
4478
4479
4480
4483
4485
4487
4488
4493
4494
4497
4502
4505
4510
4512
4513
4515
4516
4517
4520
4521
4523
4524
4526
4528
4530
4533
4534
4539
4541
4544
4545
4549
4557
4559
4560
4561
4562
4568
4571
4573
4574
4576
4577
4581
4582
4583
4585
4595
4597
4598
4600
4602
4603
4606
4610
4611
4612
4614
4616
4619
4621
4623
4624
4625
4626
4627
4628
4629
4630
4632
4634
4636
4637
4641
4642
4643
4646
4648
4650
4652
4654
4660
4664
4669
4677
4684
4685
4686
4687
4689
4691
4692
4694
4695
4698
4699
4701
4703
4706
4715
4720
4725
4727
4739
4740
4745
4748
4749
4751
4753
4755
4764
4765
4766
4770
4771
4773
4774
4775
4779
4780
4783
4784
4789
4791
4797
4801
4803
4805
4806
4807
4808
4811
4812
4813
4815
4816
4818
4826
4827
4830
4831
4832
4836
4839
4840
4841
4846
4848
4852
4853
4855
4857
4859
4863
4864
4867
4872
4876
4877
4878
4881
4887
4889
4890
4892
4894
4896
4897
4899
4900
4906
4908
4909
4910
4911
4912
4913
4914
4915
4917
4918
4919
4921
4922
4924
4925
4926
4929
4930
4931
4934
4935
4936
4940
4941
4943
4945
4953
4955
4956
4958
4959
4961
4962
4964
4965
4967
4975
4978
4980
4983
4987
4991
4993
4995
4998
4999
5001
5008
5013
5017
5026
5027
5028
5029
5030
5031
5032
5040
5049
5051
5052
5054
5055
5056
5057
5061
5063
5068
5071
5072
5074
5075
5076
5079
5080
5083
5086
5088
5089
5093
5095
5102
5104
5106
5108
5113
5114
5117
5118
5120
5121
5122
5124
5125
5127
5128
5132
5143
5144
5145
5146
5149
5150
5154
5155
5156
5159
5161
5165
5168
5169
5170
5175
5177
5178
5179
5182
5183
5184
5185
5189
5190
5193
5196
5199
5200
5201
5206
5208
5214
5216
5220
5224
5225
5230
5231
5234
5236
5241
5242
5243
5246
5248
5249
5253
5254
5255
5259
5261
5266
5267
5271
5273
5275
5294
5296
5299
5300
5302
5303
5307
5309
5311
5313
5314
5318
5319
5320
5322
5328
5329
5330
5334
5335
5337
5338
5339
5341
5345
5349
5351
5352
5354
5355
5358
5361
5362
5364
5366
5368
5369
5370
5372
5374
5379
5380
5382
5383
5386
5389
5396
5397
5399
5403
5404
5405
5409
5410
5414
5415
5417
5425
5426
5428
5429
5430
5431
5433
5436
5438
5439
5442
5443
5444
5445
5449
5451
5453
5456
5458
5464
5468
5472
5473
5479
5481
5482
5491
5492
5493
5494
5495
5496
5497
5498
5499
5502
5506
5507
5509
5510
5512
5515
5518
5524
5530
5531
5532
5533
5534
5536
5537
5541
5547
5548
5549
5551
5553
5556
5558
5559
5560
5567
5569
5572
5573
5575
5576
5578
5580
5581
5587
5588
5589
5601
5603
5604
5606
5609
5612
5616
5618
5619
5622
5623
5624
5626
5632
5634
5638
5645
5646
5647
5653
5660
5661
5665
5666
5667
5668
5671
5672
5673
5674
5678
5679
5680
5682
5683
5687
5688
5689
5690
5692
5693
5694
5695
5696
5701
5702
5703
5704
5706
5707
5709
5716
5717
5720
5723
5724
5727
5729
5736
5737
5738
5740
5741
5746
5747
5754
5759
5761
5764
5765
5769
5770
5771
5773
5775
5777
5778
5780
5781
5788
5791
5792
5793
5795
5799
5800
5801
5803
5804
5805
5806
5812
5813
5816
5817
5818
5819
5823
5826
5827
5831
5834
5835
5837
5841
5843
5845
5849
5853
5855
5859
5860
5864
5872
5873
5882
5883
5886
5888
5889
5895
5898
5899
5901
5911
5913
5915
5916
5921
5922
5924
5925
5926
5928
5929
5931
5934
5935
5936
5937
5938
5939
5944
5945
5950
5953
5954
5957
5958
5959
5967
5968
5969
5970
5972
5973
5975
5977
5979
5980
5983
5987
5991
5994
5997
5998
5999
6001
6002
6003
6008
6009
6012
6014
6015
6017
6018
6019
6020
6026
6028
6029
6035
6041
6042
6043
6046
6047
6048
6050
6051
6052
6054
6056
6057
6058
6061
6062
6063
6065
6067
6070
6073
6075
6076
6079
6083
6088
6090
6092
6094
6095
6105
6110
6112
6115
6116
6117
6119
6120
6124
6125
6126
6128
6129
6130
6131
6136
6137
6140
6142
6144
6147
6151
6152
6155
6157
6158
6159
6161
6162
6169
6170
6172
6173
6176
6178
6179
6183
6185
6186
6188
6196
6198
6199
6200
6202
6206
6207
6209
6210
6214
6215
6221
6222
6223
6226
6229
6232
6234
6239
6240
6245
6247
6248
6250
6255
6256
6257
6258
6260
6262
6263
6267
6268
6273
6274
6277
6280
6282
6283
6284
6285
6286
6287
6292
6294
6296
6297
6298
6300
6302
6303
6304
6306
6309
6311
6312
6314
6319
6321
6322
6323
6324
6325
6328
6331
6334
6335
6337
6339
6340
6343
6347
6348
6351
6353
6354
6355
6356
6357
6360
6362
6365
6366
6367
6368
6369
6370
6373
6377
6382
6383
6385
6390
6392
6395
6396
6398
6399
6400
6403
6405
6408
6410
6412
6415
6416
6419
6420
6421
6423
6424
6426
6427
6429
6430
6431
6433
6437
6438
6439
6441
6452
6453
6454
6455
6456
6457
6461
6463
6465
6467
6468
6469
6471
6474
6476
6481
6482
6483
6485
6486
6488
6489
6493
6494
6497
6498
6503
6504
6505
6506
6508
6510
6513
6515
6517
6518
6519
6520
6526
6528
6530
6531
6532
6536
6537
6541
6542
6543
6544
6545
6547
6549
6551
6554
6556
6561
6562
6564
6569
6573
6575
6578
6582
6583
6584
6590
6591
6593
6596
6598
6605
6606
6610
6611
6613
6620
6624
6630
6631
6633
6634
6635
6636
6637
6638
6640
6642
6644
6645
6646
6649
6650
6653
6658
6662
6663
6665
6671
6672
6673
6676
6678
6679
6680
6682
6684
6689
6690
6693
6697
6702
6703
6706
6707
6712
6713
6716
6721
6722
6726
6728
6733
6734
6736
6738
6739
6743
6745
6748
6751
6755
6757
6758
6760
6763
6764
6765
6770
6771
6774
6778
6781
6782
6783
6787
6788
6789
6793
6795
6798
6799
6801
6802
6803
6804
6805
6807
6808
6809
6812
6813
6817
6818
6819
6823
6824
6827
6830
6831
6835
6839
6841
6846
6848
6850
6851
6852
6854
6858
6859
6860
6865
6866
6867
6868
6869
6871
6878
6881
6882
6883
6884
6885
6886
6893
6895
6898
6904
6905
6906
6908
6910
6911
6913
6918
6919
6920
6921
6922
6924
6926
6930
6933
6935
6936
6937
6938
6940
6943
6945
6948
6951
6952
6958
6960
6961
6964
6967
6968
6969
6970
6972
6974
6975
6976
6980
6983
6984
6985
6987
6988
6991
6993
6994
6995
6996
6998
7000
7005
7006
7008
7014
7019
7026
7035
7039
7042
7043
7044
7049
7050
7053
7054
7056
7057
7061
7062
7067
7072
7073
7075
7077
7079
7082
7084
7095
7096
7100
7101
7102
7105
7108
7110
7113
7114
7115
7117
7118
7119
7120
7121
7127
7129
7133
7140
7142
7143
7151
7152
7153
7155
7159
7161
7164
7165
7167
7172
7178
7179
7180
7183
7186
7187
7188
7192
7193
7195
7196
7199
7201
7204
7205
7206
7208
7210
7211
7213
7214
7218
7220
7222
7226
7231
7232
7233
7234
7237
7239
7240
7243
7244
7245
7246
7256
7257
7259
7261
7263
7264
7270
7271
7275
7276
7277
7278
7282
7283
7284
7285
7287
7288
7291
7299
7300
7307
7309
7311
7315
7317
7321
7325
7326
7327
7329
7330
7332
7333
7334
7335
7336
7337
7339
7341
7343
7344
7346
7348
7350
7353
7354
7358
7359
7360
7361
7363
7368
7369
7370
7372
7373
7379
7381
7389
7392
7394
7396
7397
7398
7399
7400
7401
7404
7405
7407
7409
7411
7414
7419
7420
7424
7429
7431
7432
7433
7434
7440
7441
7448
7450
7459
7460
7465
7466
7471
7475
7477
7480
7483
7484
7486
7496
7502
7512
7514
7515
7517
7520
7523
7525
7530
7534
7535
7536
7538
7541
7545
7548
7549
7550
7551
7553
7557
7563
7566
7571
7573
7577
7579
7586
7587
7589
7590
7591
7593
7594
7595
7602
7605
7606
7611
7613
7614
7615
7616
7617
7618
7622
7627
7629
7631
7634
7641
7644
7645
7651
7655
7657
7658
7660
7661
7663
7667
7670
7673
7677
7681
7685
7687
7688
7698
7702
7710
7713
7719
7725
7726
7727
7728
7729
7730
7732
7733
7734
7739
7741
7744
7747
7750
7754
7755
7758
7760
7762
7769
7772
7774
7778
7779
7781
7783
7788
7789
7791
7793
7794
7797
7798
7806
7808
7810
7812
7815
7818
7823
7824
7827
7832
7838
7839
7844
7848
7853
7855
7857
7858
7862
7866
7867
7871
7872
7878
7883
7884
7886
7887
7889
7893
7897
7898
7903
7905
7906
7907
7910
7911
7912
7914
7916
7917
7918
7922
7924
7925
7926
7927
7929
7930
7937
7945
7946
7947
7948
7949
7955
7956
7958
7960
7961
7962
7970
7973
7974
7975
7977
7978
7980
7984
7986
7987
7988
7989
7992
7993
7997
7998
8001
8003
8004
8005
8006
8011
8015
8016
8017
8019
8020
8023
8027
8028
8031
8034
8035
8041
8043
8045
8046
8047
8050
8053
8054
8055
8059
8062
8063
8067
8069
8072
8073
8075
8076
8077
8078
8081
8082
8083
8084
8085
8087
8092
8094
8098
8101
8102
8104
8106
8109
8111
8114
8115
8121
8126
8129
8130
8131
8133
8135
8138
8142
8143
8145
8146
8148
8153
8154
8156
8158
8160
8161
8162
8169
8172
8175
8178
8182
8183
8184
8185
8186
8187
8188
8190
8192
8197
8199
8202
8204
8207
8208
8213
8218
8221
8222
8225
8228
8233
8234
8236
8237
8242
8243
8245
8246
8247
8249
8250
8257
8259
8260
8262
8264
8266
8268
8274
8276
8277
8280
8281
8282
8284
8285
8286
8287
8290
8292
8293
8296
8300
8301
8304
8309
8310
8318
8319
8321
8323
8326
8328
8330
8339
8340
8341
8343
8344
8347
8349
8352
8355
8356
8357
8359
8361
8362
8363
8367
8368
8372
8373
8376
8377
8381
8383
8385
8390
8391
8393
8398
8399
8401
8404
8413
8415
8416
8419
8426
8427
8428
8433
8435
8436
8437
8438
8440
8442
8443
8444
8446
8447
8448
8453
8463
8466
8470
8477
8478
8481
8482
8491
8493
8495
8498
8502
8503
8507
8508
8509
8510
8511
8513
8514
8520
8524
8525
8527
8530
8531
8535
8536
8539
8540
8541
8544
8545
8548
8550
8551
8554
8555
8558
8559
8567
8569
8571
8578
8585
8587
8588
8590
8592
8594
8595
8596
8602
8603
8607
8608
8609
8611
8612
8616
8619
8624
8625
8627
8631
8637
8638
8640
8643
8644
8647
8649
8651
8654
8655
8657
8659
8661
8663
8669
8671
8674
8676
8677
8678
8679
8681
8683
8684
8685
8689
8692
8697
8703
8705
8708
8711
8713
8714
8715
8717
8718
8720
8722
8723
8731
8738
8740
8742
8744
8749
8750
8751
8752
8754
8760
8761
8765
8766
8769
8770
8783
8784
8786
8787
8788
8789
8790
8791
8792
8799
8803
8805
8812
8814
8815
8816
8820
8821
8830
8833
8834
8837
8839
8843
8844
8851
8852
8856
8858
8859
8865
8866
8873
8874
8876
8877
8881
8882
8884
8886
8887
8893
8895
8897
8902
8903
8905
8906
8907
8912
8913
8918
8919
8922
8923
8928
8929
8931
8932
8933
8936
8937
8938
8939
8940
8949
8955
8956
8957
8960
8962
8963
8965
8973
8974
8977
8981
8983
8986
8991
8992
8993
8996
9000
9001
9002
9005
9007
9008
9015
9016
9019
9021
9022
9024
9025
9028
9029
9031
9038
9040
9041
9044
9047
9049
9052
9053
9060
9064
9065
9067
9068
9069
9074
9075
9083
9085
9088
9089
9091
9092
9094
9095
9098
9101
9103
9105
9106
9112
9116
9118
9119
9120
9122
9123
9125
9128
9130
9133
9135
9136
9143
9144
9149
9150
9151
9152
9153
9156
9157
9158
9159
9162
9165
9166
9168
9170
9172
9173
9175
9176
9179
9182
9183
9185
9186
9190
9193
9196
9197
9199
9201
9203
9205
9210
9214
9215
9218
9222
9224
9226
9227
9228
9229
9235
9240
9243
9248
9250
9255
9259
9262
9266
9267
9269
9270
9272
9275
9276
9277
9278
9279
9281
9283
9285
9286
9289
9292
9295
9296
9298
9306
9309
9312
9313
9320
9321
9322
9325
9327
9329
9330
9332
9334
9335
9336
9338
9339
9346
9357
9366
9371
9375
9376
9378
9381
9382
9383
9390
9396
9400
9401
9404
9407
9408
9409
9412
9414
9415
9420
9422
9424
9425
9427
9428
9434
9436
9437
9438
9444
9445
9448
9451
9453
9455
9458
9459
9463
9464
9469
9470
9473
9476
9478
9480
9483
9485
9486
9488
9493
9500
9501
9503
9504
9505
9506
9511
9512
9513
9518
9520
9521
9523
9524
9525
9526
9527
9529
9533
9535
9538
9540
9543
9544
9545
9546
9553
9557
9558
9561
9563
9571
9576
9577
9579
9581
9582
9583
9588
9589
9593
9594
9595
9598
9599
9602
9603
9606
9609
9610
9613
9615
9616
9617
9619
9620
9621
9623
9625
9626
9639
9641
9642
9643
9644
9650
9655
9656
9659
9662
9664
9666
9668
9675
9683
9684
9692
9694
9696
9699
9702
9704
9707
9708
9715
9718
9722
9723
9724
9726
9727
9729
9731
9735
9736
9739
9741
9742
9743
9745
9747
9748
9753
9755
9756
9762
9763
9764
9767
9769
9772
9774
9776
9778
9781
9782
9784
9785
9791
9796
9797
9799
9801
9803
9807
9810
9814
9816
9817
9818
9821
9824
9826
9829
9831
9834
9840
9842
9843
9845
9847
9849
9850
9851
9852
9853
9859
9860
9861
9863
9864
9866
9868
9871
9872
9874
9881
9882
9883
9889
9893
9896
9899
9900
9901
9903
9909
9910
9914
9917
9920
9924
9928
9930
9931
9933
9935
9936
9943
9944
9945
9947
9948
9953
9955
9957
9963
9965
9966
9968
9969
9970
9974
9978
9980
9982
9990
9991
9993
9994
9995
9996
9999
1000
6895
6433
4133
2030
5636
3654
154
2214
9380
5383
2885
1731
1952
297
1349
9019
1969
7953
5667
2286
433
7528
9002
9578
3145
1916
254
3365
5985
6664
6942
3958
4176
2154
7068
9812
5808
7222
3105
5187
3683
5990
7997
6714
7366
9346
6811
9336
7299
2477
1621
8811
4
1701
8388
4228
3618
9721
8672
681
6384
6693
4639
1638
8847
1706
2529
5733
6
6713
919
4768
2702
9995
1482
1147
418
8293
482
7717
1849
3182
7606
2932
5962
5993
8240
658
6792
6911
1339
4255
3603
7058
5893
2449
8764
8422
8182
9850
5134
179
4617
8916
173
6099
62
592
5471
1623
9388
7320
5884
6994
1330
2924
4065
9570
4662
1936
6481
7080
6191
1162
4137
3162
3612
3980
1584
2872
3829
7797
4131
8446
7791
4304
5624
8932
5975
2173
1633
6442
571
8596
4514
1901
1520
8579
1471
6182
1593
9031
3261
7784
192
8478
946
4883
2457
3609
7756
7365
2484
1886
5810
1354
7269
2512
285
3244
4685
2998
764
5256
1593
5278
7158
3113
4935
9708
373
6529
8738
3635
5391
8930
3191
6337
3813
5648
1024
2647
3012
4588
4533
9901
5942
1801
3492
6227
6124
8177
9225
6888
3433
1897
3244
1669
5010
8180
1376
5384
4708
113
97
98
9043
4367
7515
3934
14
9618
6581
4105
4205
2192
5084
146
5073
8576
7453
1196
7832
7756
9164
1264
9653
2407
2933
4663
1665
4309
1125
6373
5501
2301
7551
5622
6668
5065
9557
7761
4682
7216
2944
9967
9409
8028
112
4481
7683
7565
6756
5514
5321
5919
7857
4973
9406
1868
714
1070
6177
2918
8523
2756
5219
6073
8378
1886
2216
7934
725
7977
5150
3669
7943
4558
2776
9135
117
458
6699
6873
7051
3098
2792
4907
9151
3276
6775
9865
5425
4030
3862
3947
6786
9081
1098
6242
2046
4393
4176
2771
3449
404
7520
1391
6041
295
525
6158
1832
8304
3030
8883
2480
6901
4868
1630
1255
2721
2574
6681
6751
6436
1706
4615
5516
2805
856
8641
8277
6111
1412
1725
7594
10
4196
4713
305
4721
870
2137
4103
4980
2098
6584
2959
6966
8214
4215
9687
787
1974
7516
8302
3680
3209
3818
7564
5144
2458
5841
1255
4949
7566
9928
4959
1761
4641
6343
7562
6590
9559
1664
2648
1656
9327
6687
8622
8620
901
9387
9407
2875
7981
7709
7634
1189
2605
5198
6334
6142
1038
8668
2170
9683
9674
8208
2523
4314
5630
84
1983
5188
2827
5710
6845
2154
2396
6545
773
4376
5932
1258
8330
4991
45
5964
6181
3729
2240
3593
950
3278
2260
3120
4039
1933
2406
6562
7327
8036
6646
388
3224
552
6098
1147
2706
9574
7692
4558
3949
4702
6895
2279
9694
8020
9322
6953
1748
1561
545
2698
5918
2805
6897
9957
5817
382
6519
3143
8418
4243
4610
2720
4795
1787
3867
8580
1360
1559
3137
5309
6261
1111
8667
7033
9131
7988
3985
878
627
4530
4656
6545
8414
1552
6502
4231
1934
3020
8453
1431
8342
3063
4151
3137
4850
8019
1716
7289
656
5933
2597
7996
7044
2343
5029
6174
1409
92
8131
2037
4623
2786
8582
4115
5418
5083
8346
8431
9182
7878
940
7524
2019
5092
1739
7948
4189
4534
5236
5924
466
8912
3919
8589
1254
26
4762
2664
119
3972
4701
5821
6758
4361
9936
3254
9445
9361
2764
9705
7238
3704
8307
9257
9875
45
7204
5142
5659
3518
1065
6125
2429
4985
4714
3684
5011
554
7427
5130
4526
3206
2029
2363
7567
1965
6696
8090
1325
9460
7795
9642
3164
7180
8898
4117
8305
7180
9260
3963
697
324
87
4205
5309
5880
8968
1399
6435
6394
7608
2039
9600
9638
4402
8246
2681
1098
6335
5085
1636
5208
4726
5879
2388
3623
9997
1771
1881
9256
5734
3657
658
6900
7862
7047
2780
6830
8446
293
3223
7132
2332
3902
6769
7814
2147
528
9991
9561
5613
1626
4769
338
7506
7157
5040
8581
6
6921
8915
5740
1656
9573
2639
9519
6619
6498
6348
6143
7870
649
3275
1281
5630
1122
9095
8856
1651
9085
8417
7264
1789
3185
8682
9295
1420
3721
8954
1426
1721
7868
8245
3377
7441
1962
2895
5138
8461
321
2360
7409
2050
6714
8690
7680
8915
7784
6536
565
7947
6031
8909
815
9216
8669
109
1714
2389
142
4219
5189
8010
2463
8567
6529
4425
2540
2746
3964
2862
5106
1373
4912
2898
62
3670
1812
8926
1284
3457
7951
7315
3444
8766
6530
2112
9955
9323
5580
96
3541
769
9185
6004
414
5714
1508
2954
8460
5472
6895
4644
7924
2885
7542
9066
6556
9354
9070
7840
2810
8099
6234
6254
6865
2763
9445
7898
3165
5025
9073
6706
6873
8257
3789
7287
5049
6376
1319
3508
2926
8215
9231
850
1099
6772
994
8734
6126
63
7653
14
8162
3886
7348
6105
7728
6792
5081
892
1816
4153
8678
9768
3489
3545
7054
9617
9921
8374
3125
3925
7667
3434
5854
8766
206
6848
8579
7411
6911
6231
7425
5073
116
4772
2256
8923
2643
7338
9816
5538
1490
9572
5306
6058
3116
2359
5675
4115
1811
9879
9119
9478
3312
4973
9323
4597
1820
7901
2007
8732
4131
511
4883
5326
5283
8218
4248
9005
5555
5142
4543
8125
5792
9849
4182
9987
2207
935
5180
5098
813
4299
4575
5205
9272
3897
9802
2170
1797
2888
901
7007
3399
6863
3411
9761
5081
8739
8766
1714
3880
3308
9839
751
3156
5100
737
6442
6035
5918
2618
7928
216
7194
3132
566
2169
4012
2736
3967
6900
4717
2052
1377
2658
5464
2217
7739
5281
982
9454
239
5369
370
990
9604
5470
1728
7124
1505
7646
9743
9433
8941
6936
3643
9507
9105
8734
2242
4150
6713
8038
7282
8090
696
3824
306
8435
9105
2367
8967
9344
7736
9338
334
7339
5886
2062
4463
7391
786
4205
7902
9727
2219
1544
9233
2402
278
2553
6553
6991
1670
3834
6159
2366
7658
6466
1879
7841
