20
40000
40001
40002
40003
40004
40005
40006
40007
40008
40009
40010
40012
40013
40014
40015
40016
40017
40018
40019
40020
1000
758158575
788416640
85886659
516939204
326407450
30107708
592820025
865925925
674214551
986574350
113072348
334567415
497276887
861815114
820115026
705271425
839162965
204688811
851872296
201542178
404112869
81200777
670925825
173542814
138065513
208017036
10712749
937997165
748231709
305702003
634399552
358906637
94118642
720286211
875845841
273042447
602910273
321182219
138968371
129641177
307756568
104557074
316724946
805033456
818888542
136839971
362821234
510567860
194045137
214693529
712110038
598158006
295894307
235552216
771700821
433959820
443569252
634929924
224473338
44317314
940631928
711389244
403223951
887266924
284191808
131586146
12825724
887102081
452768365
4310450
869259613
613041288
108867524
185984558
270591097
780272420
175340884
633412331
290840280
369386021
848105861
855466672
967544027
996516522
91018888
591761201
282992695
534588140
79207479
507466033
578905455
19839406
71371630
834645760
759622684
355563438
966231906
624964763
95181872
271516625
629275213
964441485
884557913
590659091
2942397
7665363
223447864
178283281
641077694
514288144
400185656
341699908
222271170
220246036
338216429
313290058
812007238
621209124
700394552
891214717
981191511
131816360
763570477
52563140
966462121
375709514
408126578
785210380
674276
503308451
56727004
482465843
320266289
793801271
925641288
323208686
801466634
149089152
501491967
295060682
515893650
901677623
636760590
738164820
121923659
974977020
51454877
786447251
448702497
604365784
530178321
282410362
736182144
146265151
334973502
702644264
374491019
595616435
340370998
227681650
98924885
249614356
710147493
271707528
43415627
488305135
594916215
697398615
637394287
96408181
992459297
5804290
850602159
481736241
743969111
825042172
309229614
647940342
464005776
757932111
252306125
846700451
40342472
988488270
992965602
227832329
543648887
219972974
823448764
884019885
447654624
774890003
133634241
10318471
46597530
29566222
498623606
494030099
579481191
136017892
442954635
424456842
141822182
146073147
906193083
738307647
971115319
67939050
386247989
287637448
825871161
491070468
134337898
718729988
332075091
979819854
799078671
875723979
52309181
475043788
612260217
499963806
102450144
598410812
510282277
1564028
480493388
8905882
495594128
912490934
997440129
938548763
189464129
991778665
84621909
95657211
730086312
908253582
16112615
968850655
48407383
841983776
459921122
35261635
413230117
791996214
15081488
64825141
520236546
67390669
539868929
985013117
419870829
642319073
435940283
930153106
643883102
916433671
939058988
139477229
681440958
789015470
78025991
870905087
780794135
15164254
819078652
363396800
923417836
835191267
184763808
971825219
529691397
644684930
7086853
942921514
289197497
874684696
7746655
661950397
794591719
400131938
646963514
66978902
42451011
82903796
997132008
686334113
851853821
788707350
678327696
385811133
577722819
608870041
256716219
211033307
624034295
75794871
426946461
399968484
763502492
611710269
224310056
293193888
108911553
83913263
88631756
398109050
811114313
948894766
60059447
458222385
349026703
559539315
525201287
243994068
494959465
522333295
930328181
199329639
163556998
461172230
585140772
741279817
70042270
694373346
804829479
546592919
622684571
231775939
946561403
386187062
843486209
23387812
531897305
952397762
107301075
620529061
203023165
770931742
421940180
115598966
229154127
770966883
527654635
754355414
14960951
22614099
129205062
797805486
74460093
292762060
111494070
512117219
886558232
181536340
206490564
691387710
728129260
829175135
775680003
527207016
67878551
471682565
403111183
599775856
276596680
362928612
72821270
479619846
133860354
494761450
447735166
215530835
118244686
975389802
969886249
985721992
850520255
951607666
636043832
924980348
96886079
747537902
289613921
983444311
929074242
496104485
527348374
509719855
177795974
303028377
889443226
98190879
774710942
292554408
697966735
51307622
655483020
623304359
383443822
641859728
118065808
831178988
857390563
88826848
659085143
679793166
74548840
509605398
631400831
563109026
287102099
728286910
310646927
576716020
564247575
92237522
925336860
91595948
454473732
103132833
247140679
343916957
53840066
21851621
488987719
751806801
925675598
144470738
227627513
161635773
638846821
198209675
845331115
496237383
287036523
504416258
28546902
214101717
866538010
659947733
777210743
6156462
240750997
940374024
582872483
804998572
32611546
360725696
749110874
339601632
316374883
996251554
683518589
370214949
870619529
25022661
122021749
648811480
22009753
202165616
810447253
660856574
400375291
508294721
9610311
687411814
12710978
38157213
754029886
731765342
698104947
383756982
737921805
791372298
324131006
173310641
448887223
209258906
534036337
197998096
548860538
850411220
46766003
84895480
220626168
917385532
109918141
195164271
566197011
131927894
397329887
229160617
792784469
797705178
737455339
802394780
337633345
602682671
840551993
91663230
186964367
391173293
327936567
924886172
35061944
652067573
98196812
483949167
713842833
632233149
681947264
115219724
335160722
728713267
200115204
555786890
498615153
162549699
603467515
64812163
294477593
797401
146489135
939778416
651018933
736460828
594689549
841168632
191659852
287757896
785348217
378624219
678931189
113284783
303510390
713993134
617868710
254223556
50458654
331711542
886456705
732405918
446931266
74133780
313635539
499562824
629920670
812250692
662112523
85904538
729579209
956590116
86701939
728584698
748884886
590237226
465045525
343574434
283922212
656705378
631332330
69270428
35329596
162779873
35071565
191356341
729289361
652940275
445579897
779748015
984651817
184552956
364670287
284099436
258686736
678305826
783662260
741123761
343072871
298291136
827028299
925168434
107397605
766246593
653753132
856282491
209000172
971315011
52373279
492922384
480536742
683705609
562192812
368382693
699001836
597264377
559739034
428291196
102721005
857835285
60555565
87372821
42388240
425225852
223988611
153591331
103531677
860167225
894715092
299120902
158458360
574259744
76805689
265855966
340506336
730558821
122138456
549506509
554390186
27028089
42428892
34926927
710733699
457138059
403309620
262251888
906918790
815565008
690543085
9639795
673400293
751098650
949528971
568304887
28840855
26033936
574412572
132372532
886201161
321644017
284009788
44659521
895903762
360815477
163031841
88926451
943890653
137686651
638432960
498280838
164714741
533378207
385724119
727964794
843032620
789033740
990216682
749951409
457115101
533276120
612107558
130515393
136891123
561636529
551336635
165731978
587670465
125749206
150620864
326387979
299909578
434630652
223563854
195813339
647962484
386595695
284739790
591853136
376798701
775689105
942650328
541513442
161583665
328374446
121994589
4616284
969924540
112211270
607084047
427039641
645487391
219191605
410071388
782378514
633344488
813924377
948110493
73531306
792189938
98731356
399919285
92099515
385878363
623483140
140429208
33840846
10078834
425168998
478210336
239393889
53374456
273377017
780907331
214958121
601751463
902901920
219574405
424192357
867629545
826658453
851231998
365633289
898366412
113819739
528156
531710899
927744117
948638649
605242205
572450408
899886360
5161489
664549923
138281076
481160983
804979131
24638276
343756172
82664482
355364966
583150061
136038939
628741983
216573746
350997060
83009799
119475665
423087820
507202156
839621564
102262626
210950507
205254852
629037
324770247
205783009
384856290
105030717
6938011
990098495
677481125
759340725
847776338
194547401
897621801
181453675
852042886
774776431
525209847
934707368
130141396
108359907
923262661
758883379
324933653
126776075
841893179
296925673
549863895
201611688
136547236
652126521
412562196
194318443
652755558
737332443
252617806
37611847
694879514
259555817
880226696
224876992
18896542
580519387
419424393
769034697
761973062
123983632
396327482
139699262
58690999
526468878
248059170
834470015
137868611
425509177
961246090
832278144
722434850
511109984
33889831
711498441
15752858
446452027
758333238
668508416
36300823
10951043
558636617
731180337
123023214
291379666
956057329
141919756
724415407
227998075
763470808
338904823
351981707
12314643
478604085
263189061
538783521
726663255
97659075
529168486
4688786
911421519
361446629
727123636
275047856
247852815
291138430
290800714
694304842
49471667
959309130
583122020
912939065
370462100
166818710
35962279
514358120
122876039
30398389
238773526
203390468
646385551
577678349
407888530
658700194
56282434
671077591
50000069
635462043
621253020
579168555
640150829
385190892
940615185
219790819
660238748
40984353
363445603
951039462
735289195
265433625
762864945
170927568
178372689
133327044
337746279
66851322
500201518
313138672
97249712
738975044
516529140
743635263
169169747
924417670
254851811
77968535
448011614
304851880
565946932
921780988
884020435
58614115
306971879
677151973
278404934
967210627
718136326
641850537
770766442
305941875
907284162
533631386
476869443
938173206
519474784
814615722
5024527
19676301
127754393
102274239
611167700
496799888
698425857
632853801
273733911
953277668
710822336
721745526
110645901
129285621
496042867
994666336
187899736
803014747
671818309
466304670
622741727
242470988
960671562
246024523
548412863
720472077
779655909
25282306
658645282
151647047
839898028
516186164
23839702
820168776
470976757
487523756
316968663
21918967
120377556
590702574
975196635
683716246
164964453
85842535
813001868
661007321
933025226
901603
316538421
457359888
319722628
791796502
699830876
280394189
37821024
248243739
866265
669993288
126042399
512027902
821640335
965940427
28214065
697996391
638625556
351707176
185520147
955594219
373626144
158414057
398813147
201339132
842130304
416293954
139698022
655132171
77301274
72723247
508550128
246356049
530083135
828272756
38152551
82430364
108666944
