50
100
211
241
242
244
260
262
287
309
319
349
351
376
391
400
413
417
418
454
459
460
467
478
486
494
542
565
575
577
579
599
613
671
673
688
700
714
726
774
815
854
888
892
896
908
910
925
964
990
995
100
1061
2247
1835
2615
1276
2605
865
2752
1255
1533
2078
705
2180
1598
2117
2404
2364
1992
1020
2230
1127
701
1266
865
963
698
2940
755
728
2293
1126
730
1539
2962
345
2816
2566
151
1508
2762
1685
585
466
2806
2183
2584
2209
488
516
229
2718
585
2872
2925
391
2776
622
330
530
292
2624
1656
1022
103
558
308
2919
2066
460
367
1827
1086
2895
1235
891
1018
2760
2041
1506
2217
1211
1224
2802
23
89
2134
2799
2654
1406
2270
1887
2971
2868
1850
73
425
2159
1934
2491
1560
