120
13
27
33
51
54
67
74
83
85
88
89
104
129
135
136
144
160
163
171
186
193
195
203
223
232
242
249
255
259
275
281
282
305
309
311
314
324
327
331
359
368
371
383
412
431
449
472
476
481
489
493
512
520
525
532
533
541
549
559
581
587
590
591
592
596
601
613
615
637
641
646
652
654
663
669
676
692
696
698
701
715
724
731
736
745
765
781
785
794
802
803
811
812
813
826
833
840
847
850
853
864
878
885
887
895
903
907
914
916
926
928
933
935
945
957
958
973
981
996
997
100
716
1532
1481
38
1160
2981
2888
145
2812
1917
1394
374
1566
1851
1869
2949
497
458
1180
1410
2005
1370
2240
2379
694
2605
741
983
685
736
1804
1401
2269
284
380
2370
2206
268
1456
2017
1126
1791
2392
1633
641
201
522
80
659
1702
1490
1606
71
2672
984
766
1217
1725
690
1902
2461
2494
302
670
1720
683
39
925
2893
1495
1884
2960
285
216
1592
2869
417
1055
2949
1077
2757
379
2683
1770
50
666
1477
1268
1332
2167
169
792
1661
2414
404
2322
2038
443
246
1930
