500
7837
8000
8009
8010
8011
8014
8015
8034
8047
8053
8054
8056
8057
8064
8079
8086
8092
8093
8098
8104
8109
8110
8111
8112
8122
8123
8125
8128
8129
8135
8138
8139
8143
8144
8149
8150
8162
8171
8175
8177
8178
8185
8192
8193
8194
8195
8206
8216
8223
8227
8232
8236
8238
8243
8245
8246
8249
8257
8260
8265
8266
8272
8274
8275
8276
8278
8280
8286
8292
8297
8300
8301
8303
8306
8310
8313
8315
8316
8319
8324
8337
8342
8343
8344
8358
8361
8364
8369
8370
8371
8379
8380
8388
8389
8392
8395
8397
8399
8403
8407
8412
8417
8420
8423
8425
8428
8431
8433
8441
8445
8455
8461
8466
8480
8483
8493
8497
8505
8506
8514
8519
8521
8532
8534
8535
8537
8543
8550
8556
8558
8559
8560
8564
8571
8573
8579
8594
8597
8598
8599
8600
8606
8608
8613
8616
8617
8618
8620
8624
8626
8634
8642
8643
8645
8648
8653
8654
8660
8664
8668
8681
8683
8684
8687
8688
8690
8700
8704
8712
8718
8719
8720
8721
8722
8731
8737
8746
8747
8758
8759
8761
8762
8765
8767
8775
8776
8786
8790
8795
8803
8804
8805
8806
8808
8809
8816
8817
8818
8820
8828
8830
8832
8834
8836
8838
8840
8844
8846
8847
8849
8853
8856
8860
8865
8867
8871
8881
8896
8901
8902
8904
8906
8912
8919
8924
8927
8938
8941
8949
8958
8963
8965
8968
8971
8972
8973
8975
8981
8982
8984
8986
8997
8999
9002
9004
9005
9017
9018
9019
9022
9024
9028
9029
9031
9034
9038
9044
9046
9052
9053
9054
9062
9064
9066
9070
9075
9080
9081
9088
9092
9095
9103
9104
9105
9108
9110
9111
9115
9132
9140
9146
9147
9149
9150
9167
9169
9172
9176
9180
9184
9187
9189
9190
9195
9196
9200
9202
9208
9209
9210
9216
9217
9223
9228
9233
9234
9235
9240
9243
9244
9246
9251
9257
9268
9272
9273
9274
9277
9278
9279
9285
9293
9294
9295
9296
9298
9299
9309
9311
9314
9315
9322
9323
9324
9326
9328
9329
9333
9337
9339
9350
9352
9366
9367
9369
9371
9384
9389
9391
9399
9401
9402
9404
9427
9428
9430
9433
9434
9435
9437
9440
9441
9442
9443
9445
9447
9451
9453
9458
9461
9464
9467
9470
9471
9476
9483
9486
9489
9496
9498
9500
9510
9517
9520
9522
9528
9530
9537
9538
9547
9548
9552
9553
9560
9563
9565
9569
9571
9576
9579
9583
9586
9589
9593
9594
9596
9597
9598
9603
9608
9610
9615
9620
9626
9635
9646
9649
9650
9656
9657
9659
9668
9669
9673
9677
9687
9689
9698
9702
9703
9709
9712
9715
9726
9734
9735
9744
9746
9753
9755
9756
9757
9761
9765
9766
9770
9774
9775
9776
9778
9780
9790
9792
9793
9797
9804
9811
9813
9814
9816
9817
9818
9822
9828
9832
9833
9835
9838
9845
9852
9857
9859
9861
9864
9869
9881
9882
9883
9887
9889
9904
9906
9910
9923
9934
9936
9937
9940
9951
9952
9956
9960
9961
9972
9979
9982
9985
9986
9991
9997
1000
2653
15512
29056
31498
18609
3009
44916
38798
6762
44660
15945
48024
37438
36368
37145
9077
1095
48952
586
44844
38539
5700
23025
26937
19200
6438
34994
36381
16858
33842
48484
28812
49354
27539
10310
27264
39850
14526
16061
46612
18487
41307
3936
5924
36975
41081
24303
38071
49333
24889
32914
47173
30589
5939
24109
9090
12377
9102
4771
38536
2244
12555
26649
1598
49396
46260
28862
39245
10785
4223
45157
29272
4831
49093
44498
41806
49475
18800
39177
48807
2989
22091
45979
42879
37331
29388
1968
9008
47792
16041
47544
35
28596
33493
10934
37292
29752
49097
26536
40538
3320
21693
29110
17452
30086
23607
9257
29560
1707
7735
37668
4696
39127
42947
47576
26457
31636
8844
35465
29427
24885
42309
38763
12782
35103
49698
73
14854
48794
26610
5391
11414
7603
43803
28866
37689
17409
47425
26550
28418
5159
14217
33114
44286
7163
30689
30043
38799
39534
24808
27526
23719
26417
16289
36501
11519
25287
45876
26374
33381
22485
41066
4096
39389
34868
32962
36378
11578
39687
12927
39996
44846
27144
32410
48432
43609
22400
28474
41708
21234
3281
19234
44953
29699
44824
40755
41218
29411
36630
17591
12791
18415
17958
16887
7803
2825
9150
3481
23704
48837
16409
23000
2983
2853
5410
1414
5762
27810
29889
47471
49044
42471
26005
3296
31470
20828
3351
22688
9539
39981
49580
22330
17696
17537
48519
34800
29664
7668
38282
12668
15805
4690
35669
18788
16844
379
29504
22607
28189
18693
20077
36533
11163
5382
49130
42634
26210
2481
24622
45050
1762
33502
17379
19459
1039
25198
13559
40004
42167
1840
2671
17273
15831
47641
36061
32676
48020
24865
14583
35509
43558
34660
31342
14022
40042
30472
15956
25552
42254
40578
20601
3316
24079
47281
32076
34419
31780
45636
33723
23946
6776
36395
519
22608
34035
36581
14584
41356
20746
29167
26864
14304
23127
8206
37627
22469
47979
3582
7321
49533
3460
37223
2848
36840
43804
34925
21259
25583
30560
14282
8830
46637
676
9349
19244
44013
5230
43129
35368
25977
31596
21532
49582
4722
29738
46509
36492
37017
90
43813
36549
12851
31035
39398
49691
24839
33623
30250
421
23483
44533
18552
20119
4509
27902
48665
7822
42433
41793
43190
18409
32690
24023
27291
37412
13061
23799
33205
78
33190
27017
45928
46041
8052
44626
5032
42192
28248
44583
1913
11031
39115
20466
31151
2925
7668
29815
10747
100
30908
13238
27811
13597
37261
14402
10310
9622
38202
43515
9700
21391
20531
5628
26733
37884
9554
31765
39376
37803
35648
41290
48834
34064
21056
39285
36989
28724
19099
7036
38125
9308
29575
25236
22905
26136
39639
33215
35759
37141
36030
45459
17832
6561
10387
44565
3745
19942
35630
43122
17045
21278
43712
25179
5341
14767
14464
1630
2791
42864
8666
216
11472
38242
25453
34378
14377
24392
26893
135
11532
12923
4895
38665
28785
24583
42531
41831
3825
28160
44253
20870
8738
37964
5350
23380
2730
19814
34311
5521
21978
2278
15039
33451
49821
49793
27129
23498
24184
13322
23634
45017
35546
37830
33681
23631
21713
26211
15462
25539
13672
9714
46409
31711
47679
11059
14392
9709
40174
48703
24532
12152
10281
39571
4903
10101
39363
32032
33600
13546
4654
16534
17863
40201
4363
10844
13831
26076
37056
29293
1614
10028
48309
7324
1039
5287
27684
15431
14996
17858
23435
39528
39311
33716
38399
44214
43818
27761
35546
36718
607
40200
3251
18470
30400
7614
38616
3532
42991
34972
42126
3906
45000
40434
20531
5339
45721
48215
20771
20018
25373
3506
18846
14683
46523
7245
8896
49641
35006
3742
36358
44915
3243
39609
22685
33643
6523
11300
46476
8815
46272
38602
12721
571
29035
42553
5911
34057
67
35983
4074
25441
39489
22920
40124
36011
30165
8321
44953
24472
12063
31310
19386
15306
20919
1371
8250
27442
12672
4725
36257
8943
2627
8278
18816
31663
10131
24727
25020
10199
10709
29094
44941
9498
11314
35064
4809
780
2685
49762
34553
24050
31072
13239
48657
11291
14610
16207
38733
27282
20933
34291
45527
23560
1869
14342
14523
12001
48370
39543
31501
18379
27937
26441
27877
48553
20805
32686
49333
32792
41749
33885
6841
32121
6424
5497
43412
21034
21705
41445
7617
1938
35036
12444
34799
36906
36087
8623
8207
34456
7466
49009
2834
35404
34750
40012
33956
14855
31998
42589
47647
23746
35774
4487
5866
42198
19286
8578
22532
291
23
30149
11530
35059
42593
5629
31265
37980
14252
39472
22435
21719
38480
34570
16423
32530
24581
9679
47386
15880
2267
45032
39626
38041
8820
4793
39539
37407
13371
12070
37698
22695
1520
8528
7754
3413
14157
39019
41394
28410
37792
23129
9429
35572
17000
35153
18102
881
44832
15487
16761
6399
10518
15688
3740
19338
20481
43279
6744
43153
14649
3742
15848
16169
12270
23602
19583
35729
21921
20277
14138
9712
43406
32868
45285
10405
18020
22687
11287
22152
38174
28048
28551
48692
3036
32291
27331
23517
25569
43376
25971
49519
6419
41819
15688
27990
24721
35271
13718
5942
5547
37157
15655
8253
20024
20240
18659
47345
42927
39247
19496
40401
26595
7347
48393
29632
39638
25723
12449
24507
28400
38420
24026
34819
30238
49015
22109
14259
34285
35828
20202
49133
22984
45158
16686
2309
24698
44646
49654
26925
33892
28451
17325
19788
45099
25018
8720
34737
741
21169
18544
38442
9589
1870
32561
49128
884
4669
22688
44470
40497
2190
2902
13481
47348
19589
25091
31346
14234
34045
8270
7427
21796
34896
27215
16895
9913
35935
10932
19955
16404
29476
17697
25993
31347
257
34422
32231
4927
16410
36002
4724
18600
38904
27506
15947
8492
2596
6593
22727
36642
24164
39455
8437
18360
16669
25332
37574
11904
36264
7529
28308
25041
25226
13602
15688
34785
7324
7219
49013
23734
43221
3736
42334
32125
31243
17581
40617
43140
24174
22644
39082
7638
12098
47520
25998
38068
32152
13571
49972
27717
30401
37581
12058
5627
10483
27746
49713
17807
34965
48725
841
28186
2460
2475
10310
43004
20056
10227
36144
3530
32872
34526
11168
44970
32045
46467
33038
23498
10037
42310
10515
40439
39191
22573
5366
49674
9619
5078
26781
44584
13103
27622
32070
15563
30097
1680
17868
9453
11908
13312
