5000
8000
40004
40005
40008
40009
40012
40017
40020
40021
40022
40024
40025
40027
40028
40034
40043
40044
40046
40047
40051
40053
40054
40056
40066
40071
40072
40073
40084
40085
40087
40089
40095
40101
40104
40105
40107
40108
40112
40113
40120
40121
40122
40123
40124
40126
40127
40128
40130
40131
40135
40136
40137
40138
40140
40141
40143
40144
40145
40146
40147
40148
40150
40151
40152
40153
40154
40156
40158
40161
40162
40163
40164
40165
40166
40167
40168
40169
40170
40171
40173
40176
40177
40181
40182
40184
40188
40189
40191
40192
40193
40195
40196
40197
40201
40203
40208
40211
40213
40215
40218
40219
40221
40223
40224
40225
40227
40231
40234
40237
40238
40239
40242
40243
40244
40246
40247
40249
40250
40252
40256
40257
40258
40264
40267
40270
40271
40273
40276
40277
40278
40280
40281
40284
40285
40286
40287
40288
40290
40294
40296
40297
40298
40299
40308
40310
40311
40312
40313
40314
40316
40318
40320
40324
40330
40331
40332
40333
40335
40336
40338
40341
40343
40345
40346
40349
40351
40352
40358
40361
40366
40367
40369
40373
40374
40376
40378
40384
40386
40388
40389
40391
40392
40393
40395
40396
40397
40401
40402
40403
40405
40408
40409
40410
40415
40416
40417
40418
40419
40420
40421
40422
40423
40424
40433
40435
40436
40437
40438
40439
40440
40442
40443
40444
40446
40447
40449
40450
40455
40458
40459
40460
40461
40466
40467
40468
40470
40471
40472
40473
40474
40475
40476
40477
40479
40481
40484
40486
40488
40491
40492
40493
40495
40496
40497
40499
40508
40510
40512
40513
40515
40519
40521
40525
40526
40527
40528
40529
40530
40531
40533
40534
40536
40538
40540
40541
40543
40544
40545
40549
40550
40554
40555
40556
40558
40561
40562
40563
40564
40565
40566
40567
40568
40572
40574
40575
40576
40577
40579
40582
40583
40587
40589
40590
40592
40593
40598
40600
40601
40602
40603
40604
40606
40608
40612
40613
40614
40619
40622
40623
40625
40627
40630
40631
40632
40633
40634
40635
40638
40640
40641
40642
40643
40644
40645
40646
40647
40649
40654
40659
40660
40661
40662
40663
40665
40666
40671
40676
40679
40680
40681
40682
40684
40685
40686
40687
40689
40691
40692
40695
40699
40702
40704
40706
40707
40713
40719
40721
40723
40724
40725
40731
40732
40733
40735
40736
40737
40741
40742
40743
40745
40746
40747
40748
40749
40750
40754
40755
40756
40757
40758
40759
40761
40762
40763
40764
40765
40766
40767
40768
40771
40772
40773
40776
40777
40778
40779
40782
40783
40784
40785
40786
40787
40788
40789
40790
40791
40792
40793
40794
40795
40796
40798
40799
40800
40802
40803
40809
40811
40812
40813
40815
40816
40817
40820
40823
40824
40825
40830
40831
40833
40834
40836
40837
40839
40841
40842
40843
40845
40846
40847
40848
40849
40852
40854
40857
40859
40860
40861
40864
40868
40869
40873
40874
40875
40877
40878
40879
40880
40885
40889
40890
40894
40897
40899
40900
40902
40903
40905
40906
40907
40908
40909
40911
40912
40914
40917
40919
40922
40924
40927
40930
40931
40932
40935
40940
40941
40946
40947
40949
40951
40956
40959
40961
40962
40963
40964
40965
40972
40978
40979
40980
40989
40992
40993
40995
40996
40999
41000
41001
41002
41004
41006
41008
41009
41011
41012
41013
41014
41015
41018
41019
41021
41022
41025
41027
41029
41030
41031
41032
41034
41035
41036
41042
41043
41045
41047
41048
41049
41050
41051
41052
41053
41054
41057
41061
41063
41064
41065
41066
41067
41069
41072
41074
41075
41076
41080
41085
41087
41091
41092
41094
41096
41098
41099
41103
41105
41106
41107
41108
41109
41113
41114
41121
41122
41123
41124
41125
41127
41132
41135
41139
41141
41142
41144
41147
41148
41150
41154
41155
41156
41159
41160
41161
41162
41163
41164
41172
41173
41176
41177
41184
41187
41188
41190
41191
41192
41194
41195
41196
41200
41201
41203
41205
41208
41209
41213
41215
41216
41218
41221
41222
41224
41226
41227
41229
41232
41233
41236
41237
41239
41240
41241
41245
41246
41247
41249
41252
41254
41256
41257
41259
41260
41261
41262
41267
41269
41270
41271
41272
41273
41274
41275
41277
41279
41280
41281
41282
41285
41290
41291
41292
41293
41297
41301
41302
41303
41304
41308
41310
41311
41316
41318
41320
41328
41334
41335
41338
41339
41340
41346
41350
41352
41355
41356
41358
41359
41361
41362
41364
41365
41366
41367
41375
41377
41379
41382
41387
41389
41390
41393
41396
41397
41401
41404
41405
41406
41407
41413
41414
41419
41420
41422
41423
41426
41427
41428
41429
41430
41431
41433
41434
41437
41438
41439
41441
41443
41444
41447
41450
41451
41454
41455
41458
41459
41461
41462
41466
41469
41470
41471
41473
41475
41476
41481
41485
41487
41489
41491
41494
41497
41498
41499
41502
41507
41512
41514
41517
41518
41520
41521
41522
41524
41525
41528
41530
41532
41534
41538
41539
41540
41541
41545
41548
41549
41550
41553
41554
41557
41561
41562
41565
41569
41571
41572
41574
41575
41578
41580
41581
41584
41585
41586
41588
41589
41592
41594
41597
41599
41600
41606
41607
41611
41612
41614
41615
41617
41619
41622
41623
41625
41626
41628
41630
41634
41635
41636
41637
41639
41642
41644
41646
41648
41649
41653
41655
41656
41659
41660
41661
41662
41663
41664
41667
41670
41673
41676
41677
41678
41679
41688
41697
41698
41701
41702
41703
41706
41708
41709
41713
41714
41716
41717
41720
41721
41722
41723
41724
41725
41727
41728
41729
41730
41733
41734
41735
41736
41740
41741
41742
41744
41747
41751
41752
41753
41754
41756
41760
41761
41762
41763
41765
41766
41767
41768
41769
41770
41777
41778
41779
41780
41781
41783
41784
41786
41787
41789
41790
41791
41793
41795
41798
41800
41801
41803
41804
41805
41807
41811
41812
41813
41817
41818
41819
41823
41826
41827
41828
41829
41830
41831
41834
41836
41840
41841
41843
41845
41846
41848
41850
41853
41854
41857
41858
41862
41867
41870
41872
41873
41878
41879
41881
41882
41891
41892
41894
41895
41898
41899
41900
41904
41905
41907
41908
41911
41912
41913
41914
41917
41920
41921
41923
41926
41930
41932
41933
41934
41935
41937
41939
41940
41941
41942
41943
41947
41950
41951
41954
41955
41960
41961
41962
41963
41964
41967
41968
41970
41972
41981
41983
41984
41986
41987
41991
41995
41996
41997
41998
41999
42000
42002
42005
42006
42007
42010
42013
42015
42017
42021
42022
42023
42027
42029
42030
42034
42039
42042
42046
42050
42053
42055
42062
42063
42065
42067
42068
42069
42070
42071
42073
42074
42076
42079
42080
42082
42084
42085
42088
42089
42090
42091
42095
42097
42098
42100
42102
42103
42107
42108
42111
42112
42113
42114
42117
42119
42121
42122
42124
42125
42127
42129
42130
42131
42132
42133
42134
42136
42137
42138
42139
42145
42146
42150
42151
42152
42153
42154
42155
42156
42160
42163
42165
42167
42169
42170
42172
42174
42175
42180
42184
42185
42186
42190
42191
42192
42193
42197
42199
42200
42203
42205
42207
42208
42209
42210
42211
42213
42217
42218
42219
42222
42225
42227
42228
42232
42234
42237
42239
42240
42241
42242
42244
42245
42250
42251
42252
42253
42260
42262
42263
42264
42265
42267
42268
42269
42277
42278
42279
42280
42282
42283
42284
42285
42286
42287
42289
42290
42291
42292
42294
42297
42299
42302
42303
42306
42308
42311
42312
42313
42314
42315
42316
42317
42318
42320
42321
42322
42326
42327
42336
42337
42338
42339
42344
42346
42348
42350
42351
42352
42355
42356
42358
42362
42363
42364
42368
42370
42375
42379
42381
42382
42383
42385
42388
42391
42394
42396
42397
42398
42399
42400
42405
42406
42407
42408
42409
42410
42413
42414
42415
42416
42417
42418
42419
42420
42421
42422
42423
42424
42425
42426
42427
42428
42429
42430
42431
42432
42433
42437
42439
42441
42442
42446
42448
42450
42451
42452
42459
42461
42463
42467
42469
42472
42473
42475
42476
42477
42478
42480
42482
42485
42488
42490
42491
42492
42495
42496
42497
42499
42502
42503
42505
42506
42507
42509
42510
42512
42514
42516
42518
42519
42521
42523
42531
42533
42534
42537
42543
42544
42545
42546
42547
42549
42552
42554
42556
42560
42561
42564
42565
42566
42568
42571
42573
42574
42575
42576
42577
42583
42588
42591
42592
42593
42594
42596
42598
42602
42605
42607
42611
42612
42615
42616
42620
42621
42627
42629
42630
42631
42632
42636
42637
42638
42640
42641
42643
42644
42646
42647
42648
42649
42650
42651
42654
42656
42659
42661
42662
42665
42666
42667
42669
42670
42674
42677
42678
42679
42682
42683
42687
42688
42689
42690
42692
42695
42696
42698
42699
42702
42705
42706
42707
42708
42709
42713
42714
42715
42716
42717
42718
42724
42727
42733
42736
42743
42746
42747
42748
42750
42751
42752
42753
42759
42760
42762
42763
42766
42767
42768
42769
42770
42771
42772
42773
42774
42778
42780
42782
42784
42785
42786
42788
42789
42790
42791
42792
42794
42796
42798
42799
42802
42804
42806
42807
42808
42809
42811
42812
42813
42815
42816
42817
42819
42822
42825
42826
42831
42835
42837
42838
42840
42841
42842
42843
42844
42845
42846
42848
42852
42853
42855
42856
42857
42860
42861
42865
42866
42867
42869
42871
42872
42875
42876
42881
42882
42883
42884
42886
42887
42888
42890
42892
42894
42895
42896
42898
42902
42904
42905
42907
42908
42909
42911
42912
42915
42916
42918
42919
42921
42923
42925
42927
42930
42931
42932
42933
42934
42936
42940
42943
42946
42948
42949
42951
42952
42954
42955
42959
42960
42961
42962
42966
42967
42970
42971
42973
42974
42978
42980
42981
42986
42987
42991
42993
42994
42997
43001
43002
43004
43005
43006
43008
43011
43018
43020
43022
43026
43029
43031
43034
43041
43043
43044
43045
43046
43047
43048
43051
43053
43054
43055
43057
43059
43063
43065
43067
43069
43070
43078
43086
43087
43094
43095
43098
43102
43103
43107
43110
43111
43114
43118
43119
43120
43122
43123
43124
43125
43126
43127
43131
43132
43133
43136
43137
43138
43140
43141
43144
43145
43147
43149
43150
43152
43153
43154
43155
43156
43158
43159
43160
43162
43163
43164
43170
43171
43172
43174
43175
43177
43178
43180
43181
43183
43185
43186
43192
43193
43194
43198
43200
43203
43204
43206
43208
43209
43211
43212
43213
43215
43218
43219
43223
43225
43228
43229
43230
43232
43233
43236
43237
43238
43240
43242
43243
43244
43245
43248
43249
43250
43252
43255
43256
43259
43260
43261
43263
43265
43266
43269
43272
43277
43279
43280
43281
43282
43284
43286
43287
43288
43292
43293
43295
43296
43298
43299
43300
43301
43302
43304
43305
43307
43311
43315
43316
43318
43319
43323
43325
43326
43327
43328
43335
43337
43338
43339
43342
43344
43345
43346
43347
43349
43353
43355
43359
43360
43361
43362
43363
43365
43366
43367
43369
43371
43372
43375
43378
43381
43384
43386
43390
43391
43393
43394
43395
43396
43400
43402
43403
43404
43406
43408
43409
43411
43413
43420
43421
43422
43423
43424
43429
43430
43434
43436
43437
43438
43440
43441
43442
43444
43446
43447
43448
43451
43455
43456
43460
43461
43462
43466
43467
43469
43471
43474
43477
43478
43482
43483
43484
43485
43486
43487
43489
43490
43491
43492
43493
43498
43500
43502
43503
43506
43507
43510
43513
43514
43517
43519
43521
43524
43526
43528
43529
43530
43531
43532
43535
43536
43537
43539
43540
43541
43542
43543
43550
43552
43553
43554
43555
43557
43560
43561
43569
43571
43573
43577
43580
43583
43584
43585
43587
43589
43590
43591
43592
43593
43594
43595
43596
43598
43600
43601
43603
43604
43609
43611
43612
43614
43615
43619
43622
43623
43630
43632
43633
43635
43636
43639
43645
43651
43652
43654
43657
43658
43662
43663
43664
43670
43671
43672
43673
43674
43675
43677
43679
43682
43683
43687
43688
43689
43694
43695
43697
43698
43699
43700
43701
43702
43703
43705
43708
43710
43711
43716
43717
43721
43726
43728
43729
43730
43733
43734
43737
43738
43739
43741
43744
43747
43748
43751
43752
43753
43755
43757
43758
43759
43761
43762
43763
43764
43766
43767
43770
43771
43773
43774
43776
43778
43780
43781
43782
43786
43789
43792
43795
43796
43797
43800
43804
43805
43806
43807
43808
43809
43810
43811
43812
43813
43814
43816
43817
43820
43825
43829
43830
43831
43836
43837
43839
43840
43841
43843
43844
43845
43847
43850
43851
43852
43855
43857
43858
43861
43862
43863
43867
43869
43873
43876
43877
43880
43881
43885
43887
43893
43896
43897
43901
43902
43903
43904
43908
43913
43915
43916
43918
43919
43920
43921
43922
43923
43924
43925
43926
43927
43928
43929
43930
43931
43933
43934
43935
43936
43937
43939
43941
43943
43945
43949
43951
43952
43955
43956
43957
43961
43962
43963
43969
43971
43972
43975
43976
43977
43978
43981
43985
43987
43991
43992
43998
44004
44005
44006
44008
44011
44015
44018
44019
44021
44022
44023
44026
44027
44029
44031
44034
44035
44039
44040
44043
44044
44045
44048
44049
44050
44053
44054
44056
44057
44058
44059
44060
44061
44064
44065
44066
44067
44069
44070
44073
44076
44078
44079
44080
44084
44085
44087
44088
44092
44093
44095
44099
44100
44101
44104
44109
44111
44112
44113
44116
44117
44119
44120
44121
44125
44126
44130
44131
44132
44133
44136
44139
44140
44143
44144
44145
44146
44147
44149
44151
44152
44154
44155
44157
44160
44166
44167
44168
44169
44171
44173
44174
44176
44178
44179
44180
44181
44183
44185
44186
44189
44191
44192
44194
44197
44199
44200
44201
44206
44207
44208
44210
44212
44214
44215
44216
44217
44218
44219
44220
44221
44222
44223
44228
44229
44230
44232
44233
44234
44235
44237
44240
44241
44242
44246
44247
44249
44255
44256
44257
44259
44262
44264
44265
44267
44270
44272
44273
44274
44275
44276
44277
44278
44279
44282
44283
44284
44285
44286
44287
44290
44292
44293
44296
44298
44299
44300
44301
44304
44307
44309
44311
44318
44321
44322
44323
44324
44326
44327
44328
44331
44332
44335
44336
44337
44339
44340
44341
44345
44347
44348
44349
44353
44356
44357
44358
44359
44360
44362
44363
44365
44366
44368
44369
44370
44371
44372
44373
44374
44378
44381
44382
44389
44391
44393
44394
44395
44397
44400
44401
44405
44408
44409
44411
44413
44414
44415
44417
44425
44426
44431
44432
44433
44434
44437
44438
44439
44440
44441
44442
44443
44445
44450
44451
44453
44454
44455
44456
44457
44458
44460
44462
44464
44466
44467
44472
44473
44475
44477
44478
44479
44480
44482
44483
44486
44488
44489
44490
44492
44494
44495
44497
44501
44502
44503
44504
44506
44507
44511
44514
44515
44516
44519
44521
44522
44523
44524
44525
44526
44530
44538
44540
44543
44544
44546
44547
44548
44549
44551
44555
44556
44563
44567
44568
44571
44572
44573
44576
44577
44581
44582
44587
44589
44591
44592
44593
44594
44596
44597
44598
44600
44601
44602
44607
44608
44610
44613
44614
44616
44617
44618
44620
44623
44624
44626
44627
44628
44632
44633
44635
44638
44639
44642
44643
44645
44646
44647
44648
44649
44650
44651
44652
44653
44655
44657
44659
44661
44664
44666
44667
44668
44669
44670
44674
44676
44678
44679
44680
44682
44684
44685
44687
44688
44692
44694
44696
44698
44700
44702
44703
44704
44709
44711
44715
44716
44719
44722
44723
44726
44727
44728
44730
44731
44732
44733
44737
44738
44741
44744
44746
44749
44751
44752
44753
44755
44756
44759
44760
44763
44764
44766
44767
44770
44771
44772
44773
44775
44776
44777
44778
44781
44782
44787
44789
44790
44792
44793
44795
44796
44797
44798
44799
44800
44805
44808
44809
44810
44811
44812
44814
44818
44819
44820
44821
44822
44828
44831
44833
44836
44837
44838
44839
44841
44842
44843
44844
44845
44846
44847
44850
44855
44856
44857
44861
44865
44866
44870
44871
44872
44873
44874
44875
44877
44878
44879
44881
44884
44886
44888
44891
44894
44895
44896
44898
44899
44900
44901
44902
44904
44905
44906
44907
44917
44921
44923
44925
44926
44927
44928
44930
44932
44935
44936
44937
44938
44940
44942
44946
44949
44952
44959
44961
44963
44964
44965
44967
44968
44969
44970
44971
44972
44973
44975
44977
44979
44983
44984
44985
44987
44988
44992
44994
44996
44998
45000
45001
45002
45003
45005
45006
45008
45010
45011
45012
45020
45021
45024
45028
45029
45030
45036
45037
45038
45039
45040
45042
45044
45050
45054
45064
45065
45066
45067
45069
45071
45072
45075
45076
45077
45078
45082
45084
45085
45086
45087
45088
45089
45091
45092
45093
45095
45099
45101
45102
45111
45112
45113
45114
45119
45120
45121
45125
45128
45130
45132
45133
45136
45137
45139
45140
45142
45143
45144
45147
45149
45152
45155
45158
45160
45161
45162
45163
45164
45168
45169
45171
45172
45175
45176
45177
45179
45180
45182
45187
45189
45190
45192
45198
45199
45200
45204
45206
45207
45209
45210
45218
45224
45228
45230
45231
45232
45234
45237
45238
45239
45246
45247
45249
45251
45252
45253
45254
45257
45260
45262
45263
45265
45267
45268
45271
45275
45276
45277
45278
45288
45289
45290
45291
45295
45296
45298
45303
45306
45307
45308
45310
45311
45313
45316
45317
45319
45325
45326
45327
45331
45332
45335
45338
45340
45341
45342
45343
45345
45346
45349
45353
45354
45358
45359
45360
45361
45362
45363
45366
45367
45368
45371
45372
45377
45378
45380
45384
45385
45386
45387
45388
45390
45391
45394
45395
45396
45397
45398
45400
45403
45404
45405
45406
45407
45408
45409
45410
45412
45413
45414
45415
45416
45417
45418
45420
45422
45423
45426
45427
45430
45431
45433
45435
45436
45437
45440
45441
45451
45454
45455
45456
45457
45458
45459
45460
45464
45466
45468
45471
45472
45474
45476
45478
45479
45482
45487
45489
45490
45494
45495
45496
45498
45501
45502
45503
45504
45508
45509
45510
45512
45522
45524
45526
45527
45529
45531
45532
45535
45536
45538
45539
45542
45543
45546
45547
45548
45549
45550
45552
45554
45555
45558
45559
45560
45562
45564
45566
45568
45569
45570
45573
45574
45576
45577
45579
45583
45585
45586
45587
45589
45590
45591
45592
45593
45594
45595
45596
45598
45599
45603
45607
45610
45611
45613
45615
45623
45624
45628
45630
45631
45632
45634
45635
45636
45639
45641
45653
45657
45658
45661
45663
45665
45666
45669
45670
45672
45673
45674
45676
45680
45681
45686
45687
45688
45689
45691
45693
45695
45696
45703
45705
45707
45709
45710
45711
45717
45719
45722
45726
45727
45729
45731
45733
45734
45735
45736
45737
45738
45740
45741
45742
45745
45746
45748
45753
45754
45756
45757
45758
45760
45762
45763
45767
45773
45774
45776
45777
45778
45779
45780
45782
45783
45784
45789
45794
45795
45796
45798
45799
45803
45804
45806
45807
45809
45812
45816
45817
45820
45821
45824
45826
45827
45829
45830
45831
45834
45838
45840
45845
45846
45847
45848
45852
45853
45854
45857
45858
45862
45865
45866
45867
45869
45871
45874
45877
45878
45881
45883
45884
45885
45888
45889
45892
45894
45895
45896
45898
45903
45906
45910
45913
45918
45923
45926
45928
45930
45931
45932
45933
45934
45935
45936
45937
45940
45941
45942
45943
45944
45945
45949
45950
45951
45956
45957
45958
45959
45962
45965
45967
45970
45971
45973
45975
45977
45979
45981
45983
45986
45987
45989
45991
45992
45993
45995
45998
46004
46007
46008
46010
46012
46017
46020
46021
46025
46029
46031
46033
46035
46036
46038
46040
46042
46043
46044
46046
46048
46049
46050
46051
46052
46053
46054
46055
46057
46058
46059
46065
46066
46068
46070
46072
46075
46077
46078
46082
46086
46088
46090
46091
46092
46093
46094
46097
46098
46100
46104
46109
46111
46113
46114
46115
46116
46117
46121
46128
46130
46133
46134
46135
46136
46138
46140
46142
46143
46145
46146
46149
46154
46156
46158
46159
46161
46162
46163
46164
46165
46169
46170
46171
46172
46174
46177
46178
46185
46186
46187
46189
46190
46192
46195
46197
46198
46199
46201
46202
46203
46204
46207
46210
46211
46212
46213
46214
46215
46217
46218
46224
46225
46226
46228
46231
46233
46236
46237
46238
46239
46240
46242
46245
46246
46248
46249
46250
46251
46252
46253
46254
46256
46257
46258
46260
46262
46265
46266
46269
46270
46272
46275
46276
46283
46284
46288
46289
46290
46292
46293
46296
46297
46298
46299
46300
46301
46303
46305
46308
46310
46311
46312
46313
46315
46317
46319
46320
46324
46325
46326
46327
46330
46332
46335
46336
46337
46339
46340
46341
46342
46343
46346
46347
46350
46354
46355
46356
46357
46360
46361
46365
46369
46370
46371
46374
46377
46378
46379
46382
46385
46386
46389
46390
46392
46393
46394
46395
46396
46397
46399
46400
46401
46402
46404
46407
46408
46409
46413
46414
46416
46419
46420
46422
46424
46425
46429
46430
46435
46436
46437
46439
46442
46445
46447
46449
46450
46452
46453
46457
46458
46459
46460
46462
46463
46464
46467
46469
46471
46476
46478
46479
46482
46486
46487
46494
46496
46497
46498
46499
46500
46501
46506
46507
46511
46512
46515
46516
46517
46518
46520
46523
46524
46525
46528
46529
46532
46533
46534
46535
46536
46538
46540
46544
46546
46547
46548
46552
46554
46556
46557
46561
46562
46564
46566
46567
46571
46573
46576
46577
46579
46581
46583
46584
46586
46588
46589
46590
46591
46593
46596
46597
46600
46604
46609
46611
46612
46613
46614
46615
46616
46618
46620
46623
46629
46630
46633
46636
46640
46641
46642
46646
46647
46648
46649
46654
46659
46663
46664
46668
46669
46670
46671
46675
46676
46677
46679
46680
46682
46684
46689
46690
46691
46693
46699
46700
46702
46703
46704
46705
46706
46708
46709
46712
46713
46714
46715
46718
46719
46721
46723
46727
46731
46732
46733
46736
46737
46741
46750
46752
46753
46755
46757
46759
46761
46762
46765
46767
46771
46772
46774
46781
46784
46785
46786
46787
46791
46796
46797
46799
46800
46803
46806
46808
46809
46811
46813
46815
46818
46822
46823
46826
46827
46829
46831
46834
46836
46839
46843
46844
46846
46847
46849
46850
46853
46854
46857
46864
46865
46866
46870
46871
46872
46876
46877
46880
46884
46889
46891
46892
46894
46895
46896
46898
46899
46900
46901
46902
46903
46904
46905
46906
46907
46908
46911
46912
46913
46914
46919
46921
46922
46923
46928
46933
46935
46936
46938
46940
46941
46944
46948
46949
46951
46952
46954
46958
46967
46969
46973
46974
46975
46980
46981
46986
46989
46990
46991
46992
46995
46998
47002
47004
47007
47008
47009
47010
47011
47013
47014
47015
47016
47017
47019
47020
47021
47023
47025
47026
47033
47036
47037
47038
47039
47040
47041
47044
47047
47050
47052
47053
47055
47058
47059
47060
47064
47066
47068
47070
47071
47072
47073
47074
47075
47076
47077
47080
47081
47082
47087
47088
47089
47091
47094
47096
47097
47098
47099
47101
47104
47106
47108
47115
47120
47121
47123
47124
47125
47127
47128
47129
47130
47131
47132
47133
47136
47137
47138
47139
47145
47146
47149
47150
47151
47152
47153
47154
47155
47156
47160
47161
47162
47163
47164
47166
47167
47168
47171
47172
47174
47176
47180
47181
47182
47183
47184
47185
47186
47187
47189
47190
47191
47193
47195
47196
47198
47199
47200
47202
47206
47207
47210
47212
47213
47217
47220
47221
47223
47224
47225
47228
47229
47230
47231
47233
47234
47236
47237
47238
47241
47242
47244
47245
47248
47254
47261
47262
47264
47268
47270
47271
47278
47280
47281
47283
47284
47286
47287
47288
47290
47292
47295
47300
47307
47308
47310
47313
47314
47316
47320
47322
47323
47325
47327
47328
47330
47331
47332
47334
47336
47343
47344
47346
47347
47351
47352
47353
47354
47360
47363
47364
47366
47368
47370
47371
47373
47376
47377
47378
47380
47385
47386
47387
47388
47389
47390
47392
47396
47398
47400
47401
47404
47408
47411
47414
47415
47416
47417
47420
47422
47426
47427
47428
47429
47430
47431
47433
47434
47438
47439
47441
47445
47447
47448
47453
47455
47459
47460
47461
47463
47470
47471
47472
47473
47477
47478
47479
47480
47482
47484
47488
47491
47492
47494
47496
47498
47501
47504
47509
47511
47512
47514
47516
47518
47523
47524
47530
47534
47535
47536
47538
47540
47542
47543
47545
47547
47549
47550
47551
47556
47560
47561
47563
47564
47566
47568
47570
47571
47574
47576
47579
47582
47591
47592
47593
47594
47595
47596
47598
47599
47602
47603
47607
47609
47612
47617
47618
47620
47622
47624
47626
47627
47628
47630
47631
47632
47633
47635
47638
47644
47645
47650
47651
47653
47658
47659
47660
47661
47662
47665
47667
47669
47670
47671
47673
47675
47678
47684
47685
47687
47688
47689
47691
47692
47694
47695
47696
47697
47700
47705
47707
47709
47710
47712
47713
47714
47715
47720
47721
47725
47726
47727
47728
47729
47731
47733
47734
47738
47741
47743
47748
47749
47751
47752
47754
47755
47756
47757
47758
47759
47760
47762
47764
47766
47767
47768
47769
47771
47774
47777
47778
47781
47784
47785
47789
47790
47791
47793
47794
47796
47799
47802
47803
47806
47807
47809
47812
47813
47816
47818
47822
47823
47824
47825
47828
47831
47833
47836
47837
47838
47841
47845
47846
47847
47848
47849
47850
47855
47857
47858
47859
47860
47862
47863
47864
47866
47869
47875
47877
47880
47885
47888
47890
47891
47892
47895
47896
47897
47898
47899
47900
47905
47906
47907
47908
47910
47916
47918
47919
47920
47921
47923
47925
47926
47929
47935
47937
47939
47941
47942
47944
47945
47946
47947
47949
47950
47951
47957
47960
47961
47962
47963
47966
47967
47969
47970
47973
47974
47977
47978
47980
47983
47985
47986
47987
47988
47990
47995
47997
48000
48001
48004
48006
48007
48008
48009
48010
48011
48012
48013
48015
48016
48018
48019
48020
48022
48023
48025
48027
48028
48030
48032
48033
48034
48035
48037
48040
48041
48042
48045
48046
48047
48048
48050
48053
48054
48055
48056
48057
48060
48061
48063
48067
48072
48073
48075
48076
48077
48079
48082
48083
48084
48087
48094
48095
48097
48098
48099
48101
48103
48104
48105
48106
48108
48111
48115
48119
48121
48123
48124
48128
48130
48133
48134
48135
48138
48139
48142
48143
48144
48145
48147
48149
48150
48151
48154
48155
48157
48158
48160
48164
48169
48170
48172
48173
48174
48177
48178
48181
48182
48184
48186
48187
48188
48189
48192
48194
48195
48198
48199
48201
48208
48209
48211
48212
48214
48215
48222
48224
48225
48228
48229
48231
48233
48234
48235
48237
48238
48240
48246
48248
48249
48250
48251
48252
48253
48254
48255
48256
48257
48259
48260
48261
48262
48265
48266
48268
48269
48271
48273
48274
48277
48278
48279
48280
48281
48283
48286
48289
48297
48298
48300
48303
48306
48308
48309
48310
48311
48317
48319
48322
48323
48329
48334
48336
48339
48343
48344
48345
48346
48347
48350
48351
48353
48354
48358
48359
48361
48362
48364
48367
48370
48373
48374
48376
48377
48379
48387
48389
48391
48392
48393
48394
48396
48397
48399
48400
48401
48402
48406
48409
48413
48414
48418
48423
48426
48428
48429
48430
48432
48434
48436
48437
48439
48441
48442
48443
48445
48451
48453
48454
48455
48456
48457
48458
48460
48462
48463
48464
48466
48467
48469
48470
48471
48473
48474
48475
48477
48478
48481
48482
48483
48485
48486
48487
48490
48491
48494
48497
48498
48499
48500
48501
48502
48505
48507
48508
48513
48515
48517
48518
48519
48523
48525
48526
48527
48531
48535
48538
48541
48542
48544
48545
48549
48551
48553
48557
48558
48559
48561
48563
48564
48565
48568
48575
48576
48577
48578
48580
48584
48586
48587
48590
48592
48593
48596
48598
48599
48602
48605
48607
48608
48610
48611
48612
48616
48620
48623
48624
48625
48626
48628
48630
48631
48632
48633
48634
48635
48636
48637
48639
48641
48643
48644
48647
48648
48649
48652
48653
48655
48660
48664
48665
48667
48669
48670
48671
48673
48674
48675
48677
48683
48684
48687
48688
48691
48692
48693
48694
48695
48700
48702
48706
48707
48708
48712
48713
48714
48716
48718
48719
48720
48721
48722
48725
48732
48733
48734
48742
48743
48744
48745
48746
48748
48749
48753
48754
48760
48769
48770
48771
48772
48773
48778
48779
48781
48783
48784
48785
48786
48792
48793
48794
48795
48796
48797
48800
48801
48803
48804
48807
48808
48814
48816
48817
48818
48820
48821
48823
48825
48829
48830
48831
48832
48836
48837
48845
48846
48847
48850
48851
48852
48855
48857
48858
48859
48860
48861
48865
48868
48869
48870
48873
48874
48877
48879
48880
48882
48887
48893
48896
48898
48899
48900
48902
48906
48910
48911
48913
48919
48921
48922
48925
48926
48927
48929
48932
48935
48939
48941
48942
48943
48945
48946
48947
48948
48949
48951
48954
48957
48958
48960
48964
48966
48967
48970
48972
48973
48974
48976
48977
48981
48983
48991
48992
48993
48996
48997
49000
49001
49002
49005
49007
49009
49012
49013
49015
49016
49017
49018
49020
49021
49023
49025
49027
49028
49029
49030
49038
49041
49043
49044
49045
49047
49048
49050
49051
49053
49054
49057
49059
49062
49066
49069
49070
49073
49074
49075
49077
49078
49080
49081
49082
49083
49084
49088
49091
49093
49097
49098
49099
49100
49101
49102
49103
49104
49105
49106
49108
49111
49117
49119
49123
49124
49125
49127
49130
49131
49133
49136
49138
49142
49143
49145
49147
49148
49149
49155
49156
49160
49161
49162
49167
49169
49171
49177
49178
49180
49181
49183
49185
49186
49187
49190
49191
49193
49194
49195
49203
49204
49206
49207
49209
49213
49215
49220
49222
49224
49225
49226
49227
49228
49230
49234
49235
49239
49241
49243
49246
49247
49250
49252
49254
49257
49259
49261
49262
49263
49266
49267
49268
49269
49270
49271
49272
49276
49277
49278
49279
49281
49284
49286
49288
49289
49290
49294
49295
49297
49300
49303
49304
49305
49306
49307
49309
49310
49311
49312
49313
49315
49316
49319
49321
49324
49325
49326
49328
49329
49332
49333
49334
49338
49340
49344
49345
49346
49347
49350
49352
49358
49362
49363
49364
49366
49368
49369
49371
49376
49377
49378
49379
49380
49383
49387
49389
49390
49391
49393
49395
49396
49397
49398
49399
49402
49406
49408
49410
49412
49413
49414
49416
49418
49420
49421
49422
49426
49432
49433
49435
49438
49439
49440
49441
49442
49445
49446
49448
49450
49451
49452
49454
49455
49458
49459
49461
49462
49463
49465
49467
49469
49470
49471
49476
49478
49479
49480
49482
49485
49488
49492
49493
49501
49504
49505
49509
49510
49511
49512
49513
49515
49516
49519
49520
49521
49522
49527
49529
49530
49531
49535
49536
49537
49543
49546
49548
49549
49550
49557
49558
49559
49561
49564
49565
49567
49568
49569
49570
49571
49572
49575
49576
49577
49579
49581
49589
49590
49592
49593
49598
49600
49603
49608
49611
49614
49615
49616
49617
49618
49619
49626
49628
49630
49634
49635
49638
49641
49643
49644
49646
49648
49649
49650
49653
49654
49655
49656
49658
49659
49660
49665
49666
49667
49668
49669
49671
49674
49677
49679
49680
49681
49682
49684
49685
49686
49687
49690
49691
49692
49694
49697
49701
49702
49706
49711
49714
49715
49716
49718
49719
49720
49722
49728
49729
49731
49732
49733
49738
49746
49748
49749
49750
49752
49753
49754
49757
49760
49761
49763
49767
49768
49769
49772
49774
49777
49782
49783
49788
49789
49791
49793
49794
49796
49797
49802
49803
49805
49806
49809
49810
49816
49817
49823
49824
49825
49828
49829
49830
49831
49832
49834
49835
49838
49840
49841
49844
49856
49857
49858
49861
49863
49865
49866
49868
49869
49873
49875
49876
49878
49882
49886
49887
49888
49895
49896
49898
49899
49900
49902
49904
49905
49906
49909
49910
49912
49915
49922
49924
49927
49932
49936
49937
49938
49941
49943
49944
49952
49953
49954
49955
49957
49965
49968
49969
49971
49974
49976
49980
49982
49985
49986
49993
49995
49997
50000
1000
3429
220139
58933
228659
180079
156647
19602
107347
250396
16963
51712
248321
248225
204373
193375
295512
129953
121758
174059
272367
295761
255806
290624
54136
73083
137635
270975
232609
184699
162582
187260
111639
6231
169704
40297
186310
26350
59900
293658
200256
373
268880
148576
248598
173253
41950
244110
226716
163709
41678
199083
82979
297484
113216
137115
70567
250852
108089
226686
135550
194181
113946
247189
200412
283650
287487
10232
233510
270897
227400
57275
271270
119789
205851
143378
293042
247802
10997
219758
35020
52675
42350
117999
50158
155566
178624
44235
106417
210223
194432
165478
104403
231888
112666
228326
139047
23662
238558
296067
294559
89467
53341
265829
209256
259192
109206
125808
130503
120203
269076
89033
172878
234936
130542
146546
90501
9165
114292
120429
219388
8723
285907
23791
164121
22082
175627
3167
269256
37694
222744
263814
127161
276085
153152
259927
158786
262358
85734
289290
6070
278320
1832
102458
213255
132375
172515
227267
141540
286807
47695
60928
219040
257112
8229
83160
202704
107366
9837
171959
145060
232581
135773
195731
132175
288925
155657
290961
174793
164902
203760
104373
143221
205593
206832
279987
37967
79346
207253
103017
289663
254948
163945
208702
135569
95684
215372
38272
203050
148719
210232
271620
4809
269515
167350
136984
181949
246518
51454
280252
111419
178725
84625
178150
84317
291457
158136
45794
294313
65388
148811
283975
243846
236267
192676
2924
31950
31557
41197
158511
180276
174939
130130
108595
144453
297481
245579
249912
243998
220543
230164
278927
99267
238299
80586
107094
229755
238723
76398
147577
227621
148720
131551
94977
84986
247737
97901
40446
202804
62608
122467
83079
237547
252598
191674
5509
173588
60762
255422
41095
204815
109095
20021
4082
47393
24117
34686
200658
186350
34595
48234
37481
183315
103295
132458
268301
274542
153869
232257
177345
216478
54724
183934
154024
230832
75607
83044
104419
59879
261976
145514
264694
71070
89045
192286
41973
113162
150483
166141
223023
185078
137885
260504
68392
241180
92961
260203
215721
170340
115969
16575
86817
170693
200509
164352
25034
199626
247396
129453
259505
132881
198477
147708
203951
211032
39994
169434
247705
113987
35574
170727
299065
173459
131230
67456
114638
224191
251169
253869
18040
67137
193954
104858
161341
94462
192720
186375
294088
140115
15828
177102
272996
137815
24809
100456
48847
288314
269890
296552
102300
228974
90788
101364
102432
222018
92330
140580
69718
267009
17958
87758
34146
211912
192616
195487
6373
8845
5371
223971
148960
244710
101072
45465
82525
125881
69431
54882
37705
262831
274944
140005
191804
65731
164880
217746
287749
257210
58325
280977
224219
299794
68734
181875
211705
184861
871
141588
193706
6242
65558
266177
250953
90140
235152
256988
216022
228094
11869
253727
190924
286813
17241
6238
276054
182121
147494
187312
62841
129330
168288
210570
129123
160532
92444
264339
268903
93315
105926
162609
99557
94995
52295
274020
185135
210957
231007
24666
139050
242876
201903
253485
153198
219145
183233
129251
101265
30726
240073
87616
160056
108360
298186
212690
192403
90629
177028
161305
107454
206464
23913
207012
1458
299719
104541
110104
210676
35548
134770
273236
201934
36673
226720
278643
179328
33462
31403
204103
64189
271477
291720
147755
3346
289905
60444
195749
80534
160982
57054
187988
290957
4477
18509
292415
4196
46561
26028
138382
82109
84309
111617
207553
120982
261848
186195
223820
295310
217599
127922
283009
189075
119641
54274
192421
33056
114718
88170
37100
199211
68734
148598
190167
73211
167108
106091
917
213669
132120
139299
219288
216429
174427
126840
260921
59784
13035
108250
278604
154144
236172
261613
43218
279324
15886
159149
12379
54114
170829
49479
176835
239563
198077
290512
236285
288695
96603
237202
125873
152233
76501
268671
292172
174438
95511
253092
157732
32056
284852
136335
186200
221023
21457
152928
123856
260854
235587
59745
238479
29926
109224
115313
269489
230812
105825
205773
143016
125938
66485
192400
278171
66496
161070
193852
240934
180091
70453
22175
135657
55304
158510
21856
276327
103478
98294
23693
64331
257392
83438
2809
287318
116173
41633
256806
270495
70968
86089
113510
196906
76084
229420
98586
142580
90490
292438
83513
194091
62890
105688
29748
41704
187708
275115
18030
291186
73409
265234
279028
30800
48672
281837
18117
164845
246980
198433
135339
17947
208032
172359
138363
284116
101779
160459
126695
115779
76406
133718
9869
139296
162916
263128
181000
274135
238243
122541
188830
11651
11284
167857
265962
59956
73204
207589
148311
20183
29531
207160
261642
237564
79519
23514
145189
104808
183974
195395
144097
260380
252623
153966
23186
39049
40604
127696
13183
278847
250237
202013
290498
185032
293381
179969
244988
66584
87557
16809
86767
117088
223969
271919
278162
226998
295434
123351
31805
179407
242256
175902
139786
194878
253379
86482
157437
293983
214179
170620
272829
87925
296144
186836
272957
213034
290315
141455
279618
1381
158264
289895
118469
82232
261814
20141
9230
180757
67002
264546
60163
9257
63958
123459
127645
17336
209942
285083
234829
124120
79212
131167
135555
298866
241513
108512
211899
231827
249967
191516
233208
108230
104921
275187
190462
66734
295328
123202
247491
285840
87748
231164
295097
151706
278133
46252
92552
188074
31334
250891
235704
34056
5567
71259
32922
247080
103281
168331
102416
53247
283358
259134
84987
88278
157830
198959
78522
76668
22161
26012
62507
33419
180686
57604
108635
158818
27366
201187
270403
58700
75587
129616
16266
81154
124385
272699
28233
227666
141030
54159
204423
124387
13292
289410
136175
94632
188369
214697
171300
134040
164219
233808
167459
44904
214922
276094
127232
242288
100790
97634
224498
176377
150761
240764
257531
275146
136973
209274
202812
278003
263433
107234
25899
200235
96644
162074
294867
208523
76770
166167
42562
240989
23484
210021
209403
238406
109624
36634
180693
210414
57779
28700
10300
208540
269464
191341
183685
106436
100614
10006
7948
287557
40751
257358
111301
60905
119431
29677
269428
119711
119354
11989
284210
142838
145520
117122
4753
255144
153757
108956
89067
135046
137656
22877
43585
30630
214218
150780
60576
238342
160787
292036
225898
201538
249393
260709
262443
68824
213896
155380
112045
33250
167369
19765
99598
236399
136887
104352
115052
290644
136818
127629
125689
274475
150506
92784
228615
64723
243565
289191
3064
104351
281226
152472
229399
230619
36690
115351
222953
250586
270731
258508
207346
138099
278273
6944
298008
115160
34806
113059
29313
171624
240688
155003
69608
14703
171297
298223
79426
114861
287414
6000
142722
192149
81982
295631
46277
118672
110981
192740
292768
81711
151248
200114
143320
129520
207058
141327
