100
30000
40000
40001
40002
40003
40004
40005
40006
40007
40008
40009
40010
40012
40013
40014
40015
40016
40017
40018
40020
40021
40022
40023
40025
40026
40027
40028
40029
40030
40031
40032
40034
40035
40036
40037
40039
40040
40041
40042
40043
40045
40046
40047
40048
40049
40050
40051
40053
40054
40055
40056
40057
40058
40059
40061
40062
40063
40064
40065
40066
40067
40068
40069
40070
40071
40073
40074
40076
40077
40078
40079
40081
40082
40083
40084
40085
40086
40087
40088
40089
40090
40091
40092
40093
40094
40095
40096
40097
40098
40099
40101
40102
40103
40104
40105
40106
40107
40108
40109
40110
1000
28690157
26721897
21531662
25901000
18082708
22454442
3457176
6109392
8392863
21268877
29287809
15921524
29916539
7411346
22983183
3679108
28452378
9479104
9703103
26119095
21200417
18474557
15132908
13871484
13590493
23528286
11068529
12129828
10070428
8455732
12331041
8760584
17694053
3862702
17178007
5776760
8833568
3151607
24402576
17226431
24420484
6206807
15664379
6853445
26134578
8647561
10532553
24586955
643088
2752079
3222472
21843506
21226636
18355380
18231413
4817128
24400090
29299942
29463380
4470517
20272098
11794421
25747525
20482574
15657123
12925532
26259334
24490691
16077139
3178332
24233546
10497622
21901564
9897924
17351067
18036141
1061908
10400043
25139519
1704997
13152122
28361991
6064926
4378757
29233794
6812762
21712309
23633883
18629128
21175689
10620823
8901225
15486533
6368348
29383799
13660079
19293880
8159555
20667194
17887442
23854311
14900739
10901487
15755874
7315086
10768977
16308438
8376994
21169020
11447956
22598415
16837565
22326370
11179764
3732745
21560164
17992527
25445054
27710470
6621654
29137166
8331293
28039303
27140122
27216065
9939524
10800201
29026368
18099079
1467394
16913809
11953389
16368133
27815296
10225687
6199642
8584272
26534125
14576636
12269715
20498505
19691475
29107280
25341298
871238
15356448
16901461
1380188
23317925
27128355
8001842
22455091
17976071
18557568
19595212
15192135
28497092
395412
14218502
29112594
14379230
1132310
23582407
13263786
11464029
3808093
19463428
2564724
12858641
4040064
14834439
3357145
23731539
26458142
28698444
7119200
11814589
28116328
8499389
5132513
25244682
29017655
10104027
13220752
17575223
12215663
10929310
28588738
25127499
25147812
27701332
9506729
8796545
21283738
22770515
2776997
7608254
24750367
5341721
20466895
28790431
2692583
6340464
5038392
29150725
17555331
24674016
23481737
15671658
3173404
11130674
23432764
14707483
3751124
19169939
2282705
15966787
99249
871442
23610710
7763484
11089197
3117438
29076454
2372934
8404376
1853450
9981188
15671166
7195172
448083
14461596
22404179
19304971
2016411
4071327
6860301
9206851
27553064
5048382
12380255
21200161
28481146
27087738
24951286
167508
11886866
23434496
12783181
25274733
17045205
20546665
6363929
2679066
19623118
21253288
23599867
3992992
1234475
9271032
23704588
14198982
6249052
16108766
3503952
20781887
20180093
22880677
29988738
249580
27929060
24885417
21449741
8926628
4489577
28917450
9094136
16376444
22351946
21877317
24167600
21913574
24940406
531528
24592641
27079947
4301239
18192507
1072938
5535715
9979962
24777526
2251120
16229014
10886292
18271497
7010901
13582808
23668597
6999638
13832388
21597656
1885054
17798553
524284
6374632
16716002
9618420
5267499
21584371
14012161
29435099
13497945
8952566
12483050
20607009
18548936
16784290
21315939
19621875
4836428
1295900
26915824
19603972
17524915
20318539
7875468
7052239
3901347
1544065
14051877
250158
5658144
28453356
18048711
6182428
17344411
17281137
28317273
22611910
8865507
24845857
22047008
4879875
16314846
17046481
8003307
4863781
3830770
29319246
7002079
21183622
13131570
3917903
10787594
13172908
24236442
1179485
20225147
10654212
15239974
4277023
10904371
20898119
15246802
11469505
9596970
2591212
28750642
20430666
25203122
20132573
15276522
29766553
7528871
14107791
16813034
15532179
18971573
3160227
27367848
25973652
24343850
23015841
12407978
5131443
6188748
19160844
18827352
26413895
12331479
4067326
13207342
23235850
7481868
28454144
17221779
17078838
1045356
28488844
20025928
8764901
1137839
5302449
21047878
8666711
19410241
7860911
6715313
20898237
23537562
16599584
29388312
17881411
9615425
11796290
5529277
15804173
957133
6873053
24734492
13288612
10940379
7941833
19040886
18422247
6395976
18779088
18017508
19957756
17267931
8043435
11239081
18405771
25862309
2286958
9588905
27788973
22664293
16304218
18687209
16201854
15420225
18075520
16599689
25035650
12388233
4645389
23356247
13345366
11518442
18090738
9150402
4975244
26032571
10707711
5913914
14944970
29486799
23931423
17419150
29271153
14491281
11174654
193346
10353589
13461612
9782251
8142561
6125904
8602892
26829770
4844181
24023118
27421714
3960293
1575190
9809946
8605683
7447860
5671736
2640548
25538598
27338562
7615793
4087591
8046272
26046131
1548985
20049494
19977553
18968135
1837069
4468834
142788
2030416
27338847
26120824
11812667
5481408
14763151
2931983
14827601
19607332
9471524
24765738
23567626
11046714
4575684
14689732
18494575
10247420
29846704
26549596
7585981
7462496
637187
28148677
3508627
14702596
18198170
6002603
16187154
20035239
22987861
16329942
4582078
2843131
24967189
16394746
20840963
9730339
19326729
5668563
11854094
11314676
434301
5421719
22361390
17526409
2627874
23372388
27773829
2474578
2438407
17876233
22453498
15592018
28541333
8478548
294613
16739502
26997576
16481767
19291164
19985436
15328132
23873243
22828567
10295320
22784412
26185953
2542082
24627564
1854516
14396176
5942239
14805241
2334319
10820052
2331649
4962193
16708864
12621901
7436771
19147271
13014557
12406693
17255712
11555889
20885241
17550325
10811814
17882816
16548515
12619401
20384676
1876646
19009067
25729666
24688390
11793478
21915619
27230472
18937465
6286558
11626647
7396127
3608222
13960966
18216180
18456295
18923160
17441467
13594619
8876354
6588737
26609176
3799470
23844449
20681488
24684712
23911197
1493301
25083951
10459711
26629126
27985050
12336357
15638193
23714716
19541170
9948094
28146758
16771641
11401983
4433315
28398288
18798110
8041537
12359254
19530713
26497832
13798837
6972179
10092450
22675191
26077340
19218049
26474662
2438211
22415960
3675796
8865831
6425684
28759747
19325542
3054809
9261220
14178322
1209425
2975935
3719491
11157520
1122692
20491132
5075926
18072431
1405843
23874036
8630391
13765097
13404749
5128222
27563934
2893351
27737096
2755547
11487115
29471568
11746632
13925326
21887527
15422428
22791158
28313211
26698599
24633123
1368019
5959818
21327869
15093869
21452177
25047360
26251389
5091292
28054916
1327314
23163723
29460759
7717773
1794113
25742279
3638945
19438759
5822635
6532297
29692278
8578182
535835
29163845
2841238
14461161
3567794
18263666
19768742
1881004
27478688
26918289
15765447
15954929
18246157
859315
19923529
13293516
9627127
25014821
23864855
23470865
18178543
5842036
1188638
2489079
1584314
17344007
4444261
7406949
23876304
4136538
28501556
6928562
15816806
1342793
21389724
19384600
2122882
23674889
3782027
12117994
20593177
2063898
10589346
8839333
2923213
512875
4649273
25066765
25527696
11030551
18537629
26222663
16872588
2242690
11228165
973325
19586698
15672427
20896699
25979425
19808965
1914677
2907987
18142195
15773894
6814134
20043218
413199
489022
23825246
12531193
3598623
25889144
23120540
24954380
11328780
6149838
12120076
6395544
14193957
5667051
7449597
10416619
5056062
9692287
4161208
6029387
29278985
19833635
9442509
25258410
22159023
11357186
10682820
10301217
27131080
17496954
344435
27544280
502399
6686104
22591896
4101022
2575247
28228859
11571826
26420451
4378696
23691902
2815995
18572654
29358953
10265592
11505696
4415014
19957879
15666904
22960826
1753287
18016962
2403334
9528120
10175985
26276945
20210940
2993625
5924447
7707893
15854484
15985150
8210292
22540588
21093470
24827739
7632258
19322328
6399564
4052709
6217448
12607889
19385128
7306525
24483266
29650720
1328644
11414703
2125021
29511973
4375528
16394732
17528934
19295287
25922852
27704919
28088655
28650215
13214968
4013101
18874531
29069452
2514675
9601247
4126463
23608145
4428985
11758721
12930472
23344973
28327854
1664343
18469285
17712981
8970868
12952550
29880124
22815937
24367254
14521569
22327909
11259205
916300
9856842
13070915
9355576
20078185
11159569
8005790
3293152
27689095
26880322
14879027
203769
6481568
1521913
23811914
23426977
25797059
19258809
16771949
24124912
20923153
5241233
24354317
12410444
710207
6750863
5226380
7593884
21272432
10070712
1369512
4705156
19927555
14440428
14060732
10005739
8116420
4582945
25815315
5805514
1463266
23210765
6009283
20461258
24732679
12337620
13888234
20529737
14112853
13176606
27171072
17552429
934263
21525388
29962873
1644470
10792675
17705677
21754778
2065106
27776389
23124290
19286686
220366
20081141
15863841
22742529
28197562
20446787
18557843
4003075
4426476
11768608
22528783
24887735
19017710
4866402
21292392
9547446
18979255
4468998
19234941
6531683
5403261
23276753
19010980
19564155
4069427
19233080
23835356
18650957
29525892
16959645
7937643
29746259
19557210
23801484
22488787
17754771
26764694
23563054
21757846
1191170
17848085
26803052
26078905
6865794
14185878
17371296
28929664
3165132
4356717
18164604
22213240
22276402
23957780
23740643
11840556
28027207
12973722
5675911
